0.000000000000000000e+00
1.245802710451775763e-01
2.451670092162793191e-01
3.617913739086928704e-01
4.745043602984214126e-01
5.833754551831541457e-01
6.884908712765384076e-01
7.899514609242778151e-01
8.878704202545509849e-01
9.823708949581189120e-01
1.073583590533573107e+00
1.161644475093564610e+00
1.246692644236675918e+00
1.328868397500064136e+00
1.408311556577261703e+00
1.485160038300723739e+00
1.559548681231979206e+00
1.631608313914683972e+00
1.701465045350558203e+00
1.769239753698883977e+00
1.835047747070493784e+00
1.898998570032812694e+00
1.961195930533000897e+00
2.021737723917628848e+00
2.080716133201089502e+00
2.138217787421470728e+00
2.194323962613413226e+00
2.249110812483290811e+00
2.302649618208321147e+00
2.355007048854902418e+00
2.406245425708882113e+00
2.456422985337577192e+00
2.505594137478846406e+00
2.553809714900944439e+00
2.601117213226524782e+00
2.647561019392766557e+00
2.693182627953818464e+00
2.738020844845905355e+00
2.782111978550860787e+00
2.825490018829182493e+00
2.868186803364708659e+00
2.910232172783079552e+00
2.951654114585903876e+00
2.992478896591488358e+00
3.032731190497865548e+00
3.072434186190948768e+00
3.111609697414333464e+00
3.150278259401553260e+00
3.188459219048922488e+00
3.226170818180211342e+00
3.263430270424692026e+00
3.300253832198973836e+00
3.336656868251404173e+00
3.372653912196705406e+00
3.408258722437851329e+00
3.443484333843025880e+00
3.478343105517401668e+00
3.512846764983293291e+00
3.547006449057191091e+00
3.580832741689294885e+00
3.614335709009361519e+00
3.647524931802935466e+00
3.680409535623387018e+00
3.712998218728294386e+00
3.745299278012947486e+00
3.777320633099385372e+00
3.809069848726185370e+00
3.840554155572071249e+00
3.871780469635329514e+00
3.902755410280903892e+00
3.933485317057642927e+00
3.963976265379861363e+00
3.994234081159420136e+00
4.024264354467542937e+00
4.054072452299105400e+00
4.083663530506113304e+00
4.113042544961792224e+00
4.142214262011639114e+00
4.171183268263375155e+00
4.199953979763387579e+00
