1.210000000000000000e+02
1.211266824225772467e+02
1.212535651320097685e+02
1.213806481242862105e+02
1.215079313927212610e+02
1.216354149279561909e+02
1.217630987179597071e+02
1.218909827480287191e+02
1.220190670007896045e+02
1.221473514561994733e+02
1.222758360915478448e+02
1.224045208814582963e+02
1.225334057978905520e+02
1.226624908101425717e+02
1.227917758848529957e+02
1.229212609860037162e+02
1.230509460749227486e+02
1.231808311102870874e+02
1.233109160481261313e+02
1.234412008418248519e+02
1.235716854421276167e+02
1.237023697971419978e+02
1.238332538523425512e+02
1.239643375505754079e+02
1.240956208320623233e+02
1.242271036344056512e+02
1.243587858925928913e+02
1.244906675390019188e+02
1.246227485034059299e+02
1.247550287129791542e+02
1.248875080923023120e+02
1.250201865633683553e+02
1.251530640455886925e+02
1.252861404557990141e+02
1.254194157082659444e+02
1.255528897146935208e+02
1.256865623842299868e+02
1.258204336234746563e+02
1.259545033364850326e+02
1.260887714247842126e+02
1.262232377873683049e+02
1.263579023207140750e+02
1.264927649187868468e+02
1.266278254730485742e+02
1.267630838724658702e+02
1.268985400035186188e+02
1.270341937502084448e+02
1.271700449940672826e+02
1.273060936141665280e+02
1.274423394871259774e+02
1.275787824871230498e+02
1.277154224859022236e+02
1.278522593527846851e+02
1.279892929546778646e+02
1.281265231560854829e+02
1.282639498191176131e+02
1.284015728035007271e+02
1.285393919665881697e+02
1.286774071633709866e+02
1.288156182464877020e+02
1.289540250662361984e+02
1.290926274705841479e+02
1.292314253051798971e+02
1.293704184133643764e+02
1.295096066361818714e+02
1.296489898123920455e+02
1.297885677784812231e+02
1.299283403686744407e+02
1.300683074149475544e+02
1.302084687470388928e+02
1.303488241924617626e+02
1.304893735765168401e+02
1.306301167223043649e+02
1.307710534507371563e+02
1.309121835805528633e+02
1.310535069283270957e+02
1.311950233084865260e+02
1.313367325333213955e+02
1.314786344129992131e+02
1.316207287555780567e+02
