4.000000000000000000e+00
4.128250463766213407e+00
4.259826718610202789e+00
4.394697312698362168e+00
4.532810763614146587e+00
4.674096902752760130e+00
4.818468641358959914e+00
4.965824057241420064e+00
5.116048691153723738e+00
5.269017941649780212e+00
5.424599455581993190e+00
5.582655426150588518e+00
5.743044729004269655e+00
5.905624846882433054e+00
6.070253552620520132e+00
6.236790337525178529e+00
6.405097586283406308e+00
6.575041510357625185e+00
6.746492859314600743e+00
6.919327434095717599e+00
7.093426428366299774e+00
7.268676624336498193e+00
7.444970468355908366e+00
7.622206049613216017e+00
7.800287002798479641e+00
7.979122352899413961e+00
8.158626317612389656e+00
8.338718080293105572e+00
8.519321544035664218e+00
8.700365075395103176e+00
8.881781244470859704e+00
9.063506566541313703e+00
9.245481249163894688e+00
9.427648947606430241e+00
9.609956530625192173e+00
9.792353857926144656e+00
9.974793570110806584e+00
1.015723089149342506e+01
1.033962344585969362e+01
1.052193108500100038e+01
1.070411572968605718e+01
1.088614122261049388e+01
1.106797319278381408e+01
1.124957893076271809e+01
1.143092727411343112e+01
1.161198850247669334e+01
1.179273424161354455e+01
1.197313737582413040e+01
1.215317196815183465e+01
1.233281318781032887e+01
1.251203724429826636e+01
1.269082132769537807e+01
1.286914355466283055e+01
1.304698291969967805e+01
1.322431925123521168e+01
1.340113317216406941e+01
1.357740606445626064e+01
1.375312003749863976e+01
1.392825789984652829e+01
1.410280313408534703e+01
1.427673987452149440e+01
1.445005288743979044e+01
1.462272755368131705e+01
1.479474985331123804e+01
1.496610635216003082e+01
1.513678419003531239e+01
1.530677107041336527e+01
1.547605525143133320e+01
1.564462553801161704e+01
1.581247127496041038e+01
1.597958234089183627e+01
1.614594914283845029e+01
1.631156261141774877e+01
1.647641419643272442e+01
1.664049586279289628e+01
1.680380008665040847e+01
1.696631985165326029e+01
1.712804864522603410e+01
1.728898045479571977e+01
1.744910976388769441e+01
