4.900000000000000000e+01
4.912662400525959328e+01
4.925333146438106269e+01
4.938012237827857831e+01
4.950699674847594167e+01
4.963395457710686287e+01
4.976099586691537269e+01
4.988812062125629865e+01
5.001532884409586188e+01
5.014262054001244451e+01
5.026999571419737123e+01
5.039745437245591120e+01
5.052499652120830120e+01
5.065262216749089674e+01
5.078033131895750785e+01
5.090812398388069226e+01
5.103600017115340393e+01
5.116395989029042113e+01
5.129200315143024369e+01
5.142012996533680536e+01
5.154834034340146331e+01
5.167663429764506589e+01
5.180501184072008414e+01
5.193347298591290695e+01
5.206201774714621422e+01
5.219064613898148508e+01
5.231935817662161980e+01
5.244815387591359723e+01
5.257703325335135958e+01
5.270599632607872564e+01
5.283504311189239644e+01
5.296417362924519523e+01
5.309338789724922947e+01
5.322268593567930850e+01
5.335206776497643943e+01
5.348153340625136565e+01
5.361108288128828292e+01
5.374071621254863373e+01
5.387043342317502237e+01
5.400023453699518683e+01
5.413011957852614131e+01
5.426008857297843235e+01
5.439014154626035236e+01
5.452027852498250127e+01
5.465049953646220615e+01
5.478080460872821078e+01
5.491119377052540074e+01
5.504166705131959247e+01
5.517222448130254975e+01
5.530286609139688636e+01
5.543359191326133129e+01
5.556440197929588720e+01
5.569529632264708852e+01
5.582627497721352228e+01
5.595733797765124251e+01
5.608848535937943325e+01
5.621971715858604313e+01
5.635103341223357631e+01
5.648243415806497580e+01
5.661391943460948539e+01
5.674548928118879587e+01
5.687714373792306333e+01
5.700888284573711218e+01
5.714070664636673058e+01
5.727261518236498716e+01
5.740460849710863300e+01
5.753668663480463863e+01
5.766884964049668838e+01
5.780109756007178845e+01
5.793343044026703126e+01
5.806584832867626034e+01
5.819835127375694128e+01
5.833093932483688349e+01
5.846361253212132425e+01
5.859637094669972868e+01
5.872921462055290220e+01
5.886214360655996103e+01
5.899515795850545175e+01
5.912825773108647809e+01
5.926144297991973531e+01
