6.400000000000000000e+01
6.412661407045865758e+01
6.425329172686092249e+01
6.438003297517153101e+01
6.450683782533080546e+01
6.463370629125368794e+01
6.476063839082799234e+01
6.488763414591228695e+01
6.501469358233342177e+01
6.514181672988340210e+01
6.526900362231596375e+01
6.539625429734257978e+01
6.552356879662804090e+01
6.565094716578566647e+01
6.577838945437173379e+01
6.590589571587989326e+01
6.603346600773480191e+01
6.616110039128543008e+01
6.628879893179779970e+01
6.641656169844742408e+01
6.654438876431115091e+01
6.667228020635867836e+01
6.680023610544340329e+01
6.692825654629314158e+01
6.705634161750002420e+01
6.718449141151027959e+01
6.731270602461331976e+01
6.744098555693058472e+01
6.756933011240366227e+01
6.769773979878233661e+01
6.782621472761184123e+01
6.795475501421989861e+01
6.808336077770326256e+01
6.821203214091373468e+01
6.834076923044385410e+01
6.846957217661216077e+01
6.859844111344796147e+01
6.872737617867568360e+01
6.885637751369874593e+01
6.898544526358325868e+01
6.911457957704092792e+01
6.924378060641184618e+01
6.937304850764665787e+01
6.950238344028848303e+01
6.963178556745427272e+01
6.976125505581590858e+01
6.989079207558073392e+01
7.002039680047185755e+01
7.015006940770777533e+01
7.027981007798206292e+01
7.040961899544210212e+01
7.053949634766793508e+01
7.066944232565025175e+01
7.079945712376846245e+01
7.092954093976800323e+01
7.105969397473744209e+01
7.118991643308524431e+01
7.132020852251595500e+01
7.145057045400622542e+01
7.158100244178046978e+01
7.171150470328588256e+01
7.184207745916745580e+01
7.197272093324239961e+01
7.210343535247420732e+01
7.223422094694659279e+01
7.236507794983674557e+01
7.249600659738851505e+01
7.262700712888515397e+01
7.275807978662157893e+01
7.288922481587661650e+01
7.302044246488460999e+01
7.315173298480684139e+01
7.328309662970264071e+01
7.341453365650001217e+01
7.354604432496626032e+01
7.367762889767789147e+01
7.380928763999061459e+01
7.394102082000864584e+01
7.407282870855401313e+01
7.420471157913544857e+01
