2.500000000000000000e+01
2.512666573222228905e+01
2.525349837485618920e+01
2.538049793714433022e+01
2.550766443545817097e+01
2.563499789412817620e+01
2.576249834627487800e+01
2.589016583464024990e+01
2.601800041241910222e+01
2.614600214409008316e+01
2.627417110624577035e+01
2.640250738842161127e+01
2.653101109392317269e+01
2.665968234065143605e+01
2.678852126192560590e+01
2.691752800730311890e+01
2.704670274339648728e+01
2.717604565468643329e+01
2.730555694433112279e+01
2.743523683497097565e+01
2.756508556952860900e+01
2.769510341200366454e+01
2.782529064826198351e+01
2.795564758681879880e+01
2.808617455961547194e+01
2.821687192278941936e+01
2.834774005743676639e+01
2.847877937036726692e+01
2.860999029485117617e+01
2.874137329135747621e+01
2.887292884828307038e+01
2.900465748267254895e+01
2.913655974092789336e+01
2.926863619950780659e+01
2.940088746561602306e+01
2.953331417787815383e+01
2.966591700700659118e+01
2.979869665645278332e+01
2.993165386304646347e+01
3.006478939762116909e+01
3.019810406562549687e+01
3.033159870771950395e+01
3.046527420035547706e+01
3.059913145634262577e+01
3.073317142539488955e+01
3.086739509466115194e+01
3.100180348923720430e+01
3.113639767265868130e+01
3.127117874737416514e+01
3.140614785519773378e+01
3.154130617774004364e+01
3.167665493681717948e+01
3.181219539483630143e+01
3.194792885515726866e+01
3.208385666242927670e+01
3.221998020290151032e+01
3.235630090470686326e+01
3.249282023811765896e+01
3.262953971577245937e+01
3.276646089287264374e+01
3.290358536734787265e+01
3.304091477998921533e+01
3.317845081454875356e+01
3.331619519780449679e+01
3.345414969958949314e+01
3.359231613278367945e+01
3.373069635326742599e+01
3.386929225983536185e+01
3.400810579406924461e+01
3.414713894016847462e+01
3.428639372473701741e+01
3.442587221652527063e+01
3.456557652612556808e+01
3.470550880561994944e+01
3.484567124817873918e+01
3.498606608760869818e+01
3.512669559784914952e+01
3.526756209241483475e+01
3.540866792378417216e+01
3.555001548273136791e+01
