2.500000000000000000e+01
2.512666573220851873e+01
2.525349837441541823e+01
2.538049793379744656e+01
2.550766442135562428e+01
2.563499785109533846e+01
2.576249823920974791e+01
2.589016560326694361e+01
2.601799996140134041e+01
2.614600133150970507e+01
2.627416973045227877e+01
2.640250517325940294e+01
2.653100767234414548e+01
2.665967723672135747e+01
2.678851387123357242e+01
2.691751757578427018e+01
2.704668834457890725e+01
2.717602616537409688e+01
2.730553101873559285e+01
2.743520287730532559e+01
2.756504170507799500e+01
2.769504745668771761e+01
2.782522007670513631e+01
2.795555949894543701e+01
2.808606564578767362e+01
2.821673842750592343e+01
2.834757774161260713e+01
2.847858347221441733e+01
2.860975548938136725e+01
2.874109364852920478e+01
2.887259778981571046e+01
2.900426773755129162e+01
2.913610329962410361e+01
2.926810426694028777e+01
2.940027041287951093e+01
2.953260149276623281e+01
2.966509724335710629e+01
2.979775738234466687e+01
2.993058160787784416e+01
3.006356959809940221e+01
3.019672101070074177e+01
3.033003548249430636e+01
3.046351262900370571e+01
3.059715204407207878e+01
3.073095329948865384e+01
3.086491594463391408e+01
3.099903950614337589e+01
3.113332348759037416e+01
3.126776736918778354e+01
3.140237060750900966e+01
3.153713263522823596e+01
3.167205286088008620e+01
3.180713066863878424e+01
3.194236541811684660e+01
3.207775644418339311e+01
3.221330305680202599e+01
3.234900454088835886e+01
3.248486015618711065e+01
3.262086913716884595e+01
3.275703069294605996e+01
3.289334400720885299e+01
3.302980823817981104e+01
3.316642251858817048e+01
3.330318595566300388e+01
3.344009763114535616e+01
3.357715660131914603e+01
3.371436189706052033e+01
3.385171252390566821e+01
3.398920746213667599e+01
3.412684566688526644e+01
3.426462606825415946e+01
3.440254757145564923e+01
3.454060905696737649e+01
3.467880938070470620e+01
3.481714737420948325e+01
3.495562184485491741e+01
3.509423157606611454e+01
3.523297532755589856e+01
3.537185183557572543e+01
3.551085981318099272e+01
