1.000000000000000000e+00
1.062794368858374972e+00
1.124610909026263927e+00
1.185472970205998733e+00
1.245403586756687497e+00
1.304425450476933479e+00
1.362560886781580383e+00
1.419831834095882206e+00
1.476259826282068754e+00
1.531865977908630327e+00
1.586670972170293625e+00
1.640695051267193172e+00
1.693958009053926794e+00
1.746479185773388343e+00
1.798277464695602346e+00
1.849371270488651575e+00
1.899778569156113317e+00
1.949516869383495887e+00
1.998603225144995887e+00
2.047054239430486255e+00
2.094886068961709924e+00
2.142114429775633599e+00
2.188754603561660073e+00
2.234821444648170896e+00
2.280329387542006092e+00
2.325292454932822217e+00
2.369724266081772779e+00
2.413638045521215414e+00
2.457046631999276087e+00
2.499962487609288075e+00
2.542397707050411793e+00
2.584364026971310402e+00
2.625872835353950219e+00
2.666935180899510538e+00
2.707561782382853277e+00
2.747763037946060916e+00
2.787549034305328632e+00
2.826929555848956888e+00
2.865914093607205171e+00
2.904511854077761246e+00
2.942731767893017825e+00
2.980582498317630780e+00
3.018072449567033466e+00
3.055209774939373624e+00
3.092002384754967803e+00
3.128457954098877281e+00
3.164583930363630504e+00
3.200387540590003077e+00
3.235875798605194475e+00
3.271055511958190998e+00
3.305933288653310598e+00
3.340515543683230337e+00
3.374808505363726230e+00
3.408818221472524890e+00
3.442550565195479528e+00
3.476011240883176701e+00
3.509205789621842264e+00
3.542139594622327081e+00
3.574817886431355785e+00
3.607245747969182403e+00
3.639428119398152806e+00
3.671369802826548234e+00
3.703075466852265851e+00
3.734549650950800270e+00
3.765796769712191239e+00
3.796821116931362372e+00
3.827626869556385980e+00
3.858218091499168612e+00
3.888598737312940479e+00
3.918772655740823563e+00
3.948743593139774966e+00
3.978515196784174091e+00
4.008091018052938104e+00
4.037474515504365868e+00
4.066669057842392299e+00
4.095677926778271249e+00
4.124504319791202356e+00
4.153151352791514483e+00
4.181622062689977604e+00
4.209919409876527574e+00
