1.000000000000000000e+02
1.001266935496723960e+02
1.002536096399219474e+02
1.003807482653321301e+02
1.005081094168758682e+02
1.006356930819165143e+02
1.007634992442090009e+02
1.008915278839013894e+02
1.010197789775367596e+02
1.011482524980553563e+02
1.012769484147973458e+02
1.014058666935055015e+02
1.015350072963286010e+02
1.016643701818249923e+02
1.017939553049664028e+02
1.019237626171423585e+02
1.020537920661646893e+02
1.021840435962724598e+02
1.023145171481373552e+02
1.024452126588690248e+02
1.025761300620212921e+02
1.027072692875982796e+02
1.028386302620610024e+02
1.029702129083343323e+02
1.031020171458141306e+02
1.032340428903749796e+02
1.033662900543779983e+02
1.034987585466789994e+02
1.036314482726370443e+02
1.037643591341233673e+02
1.038974910295304852e+02
1.040308438537816329e+02
1.041644174983405833e+02
1.042982118512217937e+02
1.044322267970007090e+02
1.045664622168244904e+02
1.047009179884230718e+02
1.048355939861205002e+02
1.049704900808463179e+02
1.051056061401477564e+02
1.052409420282017010e+02
1.053764976058272680e+02
1.055122727304985233e+02
1.056482672563575704e+02
1.057844810342278237e+02
1.059209139116276504e+02
1.060575657327842407e+02
1.061944363386477619e+02
1.063315255669057109e+02
1.064688332519976655e+02
1.066063592251302339e+02
1.067441033142922748e+02
1.068820653442702309e+02
1.070202451366639735e+02
1.071586425099027053e+02
1.072972572792611743e+02
1.074360892568761585e+02
1.075751382517630788e+02
1.077144040698329661e+02
1.078538865139096714e+02
1.079935853837471029e+02
1.081335004760469900e+02
1.082736315844766608e+02
1.084139784996869622e+02
1.085545410093307339e+02
1.086953188980811404e+02
1.088363119476504153e+02
1.089775199368086760e+02
1.091189426414029811e+02
1.092605798343767276e+02
1.094024312857890351e+02
1.095444967628343562e+02
1.096867760298624432e+02
1.098292688483981294e+02
1.099719749771618211e+02
1.101148941720896204e+02
1.102580261863539448e+02
1.104013707703842044e+02
1.105449276718876490e+02
1.106886966358704285e+02
