6.400000000000000000e+01
6.412661407045867179e+01
6.425329172686093671e+01
6.438003297517154522e+01
6.450683782533081967e+01
6.463370629125370215e+01
6.476063839082799234e+01
6.488763414591230116e+01
6.501469358233345019e+01
6.514181672988345895e+01
6.526900362231607744e+01
6.539625429734284978e+01
6.552356879662858091e+01
6.565094716578667544e+01
6.577838945437355278e+01
6.590589571588306228e+01
6.603346600774010255e+01
6.616110039129404186e+01
6.628879893181141369e+01
6.641656169846842772e+01
6.654438876434279848e+01
6.667228020640541786e+01
6.680023610551121749e+01
6.692825654638991750e+01
6.705634161763602208e+01
6.718449141169878658e+01
6.731270602487126098e+01
6.744098555727940436e+01
6.756933011287020463e+01
6.769773979939999720e+01
6.782621472842180310e+01
6.795475501527265294e+01
6.808336077906021444e+01
6.821203214264915005e+01
6.834076923264701975e+01
6.846957217938985707e+01
6.859844111692716240e+01
6.872737618300672580e+01
6.885637751905873927e+01
6.898544527017995165e+01
6.911457958511701349e+01
6.924378061624972247e+01
6.937304851957367191e+01
6.950238345468275725e+01
6.963178558475107138e+01
6.976125507651468638e+01
6.989079210025276723e+01
7.002039682976865720e+01
7.015006944237030950e+01
7.027981011885063367e+01
7.040961904346728772e+01
7.053949640392227138e+01
7.066944239134107875e+01
7.079945720025162359e+01
7.092954102856278098e+01
7.105969407754260203e+01
7.118991655179631550e+01
7.132020865924380360e+01
7.145057061109704932e+01
7.158100262183711493e+01
7.171150490919083609e+01
7.184207769410731714e+01
7.197272120073409951e+01
7.210343565639291796e+01
7.223422129155552796e+01
7.236507833981896454e+01
7.249600703788057388e+01
7.262700762551307321e+01
7.275808034553888604e+01
7.288922544380477575e+01
7.302044316915583977e+01
7.315173377340948946e+01
7.328309751132908900e+01
7.341453464059746636e+01
7.354604542179025373e+01
7.367763011834885845e+01
7.380928899655347664e+01
7.394102232549560938e+01
7.407283037705074946e+01
7.420471342585067021e+01
