8.100000000000000000e+01
8.112660731465216202e+01
8.125326470307695104e+01
8.137997216956556201e+01
8.150672972126950810e+01
8.163353736819982487e+01
8.176039512322618918e+01
8.188730300207582502e+01
8.201426102333161339e+01
8.214126920843052915e+01
8.226832758166159465e+01
8.239543617016339283e+01
8.252259500392138136e+01
8.264980411576520680e+01
8.277706354136520872e+01
8.290437331922930753e+01
8.303173349069891174e+01
8.315914409994505263e+01
8.328660519396426309e+01
8.341411682257373172e+01
8.354167903840659903e+01
8.366929189690686997e+01
8.379695545632405640e+01
8.392466977770750702e+01
8.405243492490042456e+01
8.418025096453371248e+01
8.430811796601973640e+01
8.443603600154527555e+01
8.456400514606477259e+01
8.469202547729308606e+01
8.482009707569787338e+01
8.494822002449181753e+01
8.507639440962489630e+01
8.520462031977575634e+01
8.533289784634325770e+01
8.546122708343784780e+01
8.558960812787239547e+01
8.571804107915279758e+01
8.584652603946859983e+01
8.597506311368316290e+01
8.610365240932347319e+01
8.623229403657012426e+01
8.636098810824643124e+01
8.648973473980794324e+01
8.661853404933127365e+01
8.674738615750278825e+01
8.687629118760737867e+01
8.700524926551634053e+01
8.713426051967567787e+01
8.726332508109383923e+01
8.739244308332916944e+01
8.752161466247748933e+01
8.765083995715899334e+01
8.778011910850510446e+01
8.790945226014532921e+01
8.803883955819364360e+01
8.816828115123462339e+01
8.829777719030954586e+01
8.842732782890212206e+01
8.855693322292428604e+01
8.868659353070113127e+01
8.881630891295654351e+01
8.894607953279795254e+01
8.907590555570108393e+01
8.920578714949459709e+01
8.933572448434429703e+01
8.946571773273757344e+01
8.959576706946707247e+01
8.972587267161462421e+01
8.985603471853497126e+01
8.998625339183887206e+01
9.011652887537661627e+01
9.024686135522085806e+01
9.037725101964967678e+01
9.050769805912905497e+01
9.063820266629559796e+01
9.076876503593872769e+01
9.089938536498299015e+01
9.103006385246996501e+01
9.116080069954017517e+01
