1.600000000000000000e+01
1.612671579820414891e+01
1.625369856522104328e+01
1.638094808923548129e+01
1.650846401750647274e+01
1.663624585679296430e+01
1.676429297394803086e+01
1.689260459668011194e+01
1.702117981447894834e+01
1.715001757970364338e+01
1.727911670882995310e+01
1.740847588385313216e+01
1.753809365384268304e+01
1.766796843664457839e+01
1.779809852072639487e+01
1.792848206716050541e+01
1.805911711173976997e+01
1.819000156722044537e+01
1.832113322568626401e+01
1.845250976102762053e+01
1.858412873152973077e+01
1.871598758256297756e+01
1.884808364936900205e+01
1.898041415993583314e+01
1.911297623795494260e+01
1.924576690585347549e+01
1.937878308789464654e+01
1.951202161333918994e+01
1.964547921966108035e+01
1.977915255581032383e+01
1.991303818551612892e+01
2.004713259062361175e+01
2.018143217445718918e+01
2.031593326520434317e+01
2.045063211931308800e+01
2.058552492489702956e+01
2.072060780514190270e+01
2.085587682170767820e+01
2.099132797812059792e+01
2.112695722314963120e+01
2.126276045416224747e+01
2.139873352045441735e+01
2.153487222655009603e+01
2.167117233546586164e+01
2.180762957193629248e+01
2.194423962559629615e+01
2.208099815411653211e+01
2.221790078628863085e+01
2.235494312505696612e+01
2.249212075049406323e+01
2.262942922271699331e+01
2.276686408474242640e+01
2.290442086527797017e+01
2.304209508144824170e+01
2.317988224145356568e+01
2.331777784716024726e+01
2.345577739662089911e+01
2.359387638652400909e+01
2.373207031457182126e+01
2.387035468178602571e+01
2.400872499474068889e+01
2.414717676772238875e+01
2.428570552481729550e+01
2.442430680192540748e+01
2.456297614870210921e+01
2.470170913042750271e+01
2.484050132980397407e+01
2.497934834868264531e+01
2.511824580971946475e+01
2.525718935796179920e+01
2.539617466236650145e+01
2.553519741725033754e+01
2.567425334367426260e+01
2.581333819076215974e+01
2.595244773695590723e+01
2.609157779120766918e+01
2.623072419411083089e+01
2.636988281897119535e+01
2.650904957281960250e+01
2.664822039736752757e+01
