3.600000000000000000e+01
3.612663950381087830e+01
3.625339345910194311e+01
3.638026186833622688e+01
3.650724473562464567e+01
3.663434206673467486e+01
3.676155386910259892e+01
3.688888015184918601e+01
3.701632092579882283e+01
3.714387620350228758e+01
3.727154599926265632e+01
3.739933032916509603e+01
3.752722921110969878e+01
3.765524266484803206e+01
3.778337071202302155e+01
3.791161337621216632e+01
3.803997068297432094e+01
3.816844265989976748e+01
3.829702933666361275e+01
3.842573074508266728e+01
3.855454691917553589e+01
3.868347789522618285e+01
3.881252371185055949e+01
3.894168441006678449e+01
3.907096003336837953e+01
3.920035062780081603e+01
3.932985624204131625e+01
3.945947692748170965e+01
3.958921273831464305e+01
3.971906373162273240e+01
3.984902996747091919e+01
3.997911150900196020e+01
4.010930842253480222e+01
4.023962077766616119e+01
4.037004864737493648e+01
4.050059210812967336e+01
4.063125123999889610e+01
4.076202612676437553e+01
4.089291685603716076e+01
4.102392351937651682e+01
4.115504621241159100e+01
4.128628503496581459e+01
4.141764009118396928e+01
4.154911148966201750e+01
4.168069934357942685e+01
4.181240377083408788e+01
4.194422489417986100e+01
4.207616284136640417e+01
4.220821774528167225e+01
4.234038974409659062e+01
4.247267898141219433e+01
4.260508560640903397e+01
4.273760977399874861e+01
4.287025164497799068e+01
4.300301138618420538e+01
4.313588917065381168e+01
4.326888517778216681e+01
4.340199959348554160e+01
4.353523261036515635e+01
4.366858442787280836e+01
4.380205525247849607e+01
4.393564529783972716e+01
4.406935478497230463e+01
4.420318394242304549e+01
4.433713300644368616e+01
4.447120222116647881e+01
4.460539183878108815e+01
4.473970211971278843e+01
4.487413333280195360e+01
4.500868575548473416e+01
4.514335967397477134e+01
4.527815538344594160e+01
4.541307318821608874e+01
4.554811340193157321e+01
4.568327634775257451e+01
4.581856235853911130e+01
4.595397177703770808e+01
4.608950495606843845e+01
4.622516225871247997e+01
4.636094405850005984e+01
