4.900000000000000000e+01
4.912662400547723252e+01
4.925333146786322658e+01
4.938012239590648278e+01
4.950699680418654225e+01
4.963395471311181240e+01
4.976099614891681711e+01
4.988812114365843797e+01
5.001532973521146630e+01
5.014262196726322429e+01
5.026999788930746149e+01
5.039745755663744831e+01
5.052500103033818135e+01
5.065262837727776457e+01
5.078033967009817928e+01
5.090813498720493158e+01
5.103601441275624495e+01
5.116397803665115163e+01
5.129202595451695856e+01
5.142015826769592479e+01
5.154837508323102213e+01
5.167667651385104222e+01
5.180506267795487929e+01
5.193353369959498878e+01
5.206208970846014239e+01
5.219073083985730932e+01
5.231945723469296183e+01
5.244826903945338614e+01
5.257716640618441772e+01
5.270614949247031689e+01
5.283521846141199774e+01
5.296437348160441161e+01
5.309361472711328389e+01
5.322294237745104084e+01
5.335235661755216796e+01
5.348185763774760204e+01
5.361144563373868266e+01
5.374112080657020840e+01
5.387088336260293886e+01
5.400073351348524398e+01
5.413067147612428442e+01
5.426069747265632515e+01
5.439081173041649464e+01
5.452101448190785504e+01
5.465130596476983271e+01
5.478168642174600222e+01
5.491215610065124508e+01
5.504271525433825474e+01
5.517336414066348027e+01
5.530410302245243770e+01
5.543493216746441732e+01
5.556585184835662972e+01
5.569686234264771230e+01
5.582796393268080237e+01
5.595915690558587841e+01
5.609044155324171044e+01
5.622181817223718525e+01
5.635328706383211284e+01
5.648484853391759231e+01
5.661650289297574545e+01
5.674825045603908791e+01
5.688009154264936740e+01
5.701202647681586200e+01
5.714405558697337995e+01
5.727617920593963419e+01
5.740839767087234691e+01
5.754071132322581406e+01
5.767312050870710749e+01
5.780562557723190764e+01
5.793822688287987432e+01
5.807092478384973333e+01
5.820371964241401486e+01
5.833661182487327324e+01
5.846960170151025693e+01
5.860268964654348167e+01
5.873587603808075386e+01
5.886916125807220368e+01
5.900254569226311929e+01
5.913602973014662467e+01
5.926961376491588140e+01
