1.600000000000000000e+01
1.612671581213275473e+01
1.625369878806084500e+01
1.638094921721130603e+01
1.650846758180042784e+01
1.663625455658958430e+01
1.676431100854135892e+01
1.689263799637395636e+01
1.702123677001131341e+01
1.715010876992569067e+01
1.727925562636910684e+01
1.740867915848924241e+01
1.753838137332506264e+01
1.766836446467679878e+01
1.779863081184431195e+01
1.792918297822765794e+01
1.806002370978269767e+01
1.819115593332468706e+01
1.832258275467184205e+01
1.845430745662075367e+01
1.858633349674507684e+01
1.871866450500839818e+01
1.885130428118196022e+01
1.898425679205788796e+01
1.911752616844772490e+01
1.925111670195641977e+01
1.938503284152157846e+01
1.951927918970756082e+01
1.965386049874425822e+01
1.978878166630011037e+01
1.992404773097931425e+01
2.005966386753321729e+01
2.019563538177607853e+01
2.033196770519603902e+01
2.046866638925221338e+01
2.060573709934973863e+01
2.074318560848495707e+01
2.088101779055390850e+01
2.101923961331811341e+01
2.115785713102255627e+01
2.129687647666194295e+01
2.143630385389273840e+01
2.157614552858930779e+01
2.171640782004472570e+01
2.185709709181771032e+01
2.199821974222934173e+01
2.213978219451473706e+01
2.228179088663707574e+01
2.242425226077322620e+01
2.256717275248232113e+01
2.271055877957110880e+01
2.285441673067195367e+01
2.299875295355165150e+01
2.314357374317206961e+01
2.328888532952534618e+01
2.343469386526947673e+01
2.358100541319196353e+01
2.372782593353198877e+01
2.387516127119352305e+01
2.402301714288426737e+01
2.417139912421725612e+01
2.432031263681386335e+01
2.446976293544896564e+01
2.461975509528034323e+01
2.477029399920592567e+01
2.492138432539363890e+01
2.507303053502936052e+01
2.522523686032917922e+01
2.537800729286241008e+01
2.553134557223168599e+01
2.568525517515620038e+01
2.583973930500328819e+01
2.599480088181271498e+01
2.615044253285612541e+01
2.630666658377297651e+01
2.646347505032157699e+01
2.662086963078161261e+01
2.677885169904193674e+01
2.693742229840394842e+01
2.709658213612774702e+01
