8.100000000000000000e+01
8.112670745853071708e+01
8.125366527464248634e+01
8.138087344078054741e+01
8.150833194435456619e+01
8.163604076774019802e+01
8.176399988828110565e+01
8.189220927829170193e+01
8.202066890506033303e+01
8.214937873085317221e+01
8.227833871291865364e+01
8.240754880349251721e+01
8.253700894980345026e+01
8.266671909407925511e+01
8.279667917355359918e+01
8.292688912047351835e+01
8.305734886210726131e+01
8.318805832075281614e+01
8.331901741374711889e+01
8.345022605347558908e+01
8.358168414738248941e+01
8.371339159798168339e+01
8.384534830286807505e+01
8.397755415472946083e+01
8.411000904135904932e+01
8.424271284566857787e+01
8.437566544570188398e+01
8.450886671464901667e+01
8.464231652086091628e+01
8.477601472786471959e+01
8.490996119437944856e+01
8.504415577433236706e+01
8.517859831687574967e+01
8.531328866640423314e+01
8.544822666257263677e+01
8.558341214031443656e+01
8.571884492986048087e+01
8.585452485675855883e+01
8.599045174189299701e+01
8.612662540150529367e+01
8.626304564721483814e+01
8.639971228604014186e+01
8.653662512042082255e+01
8.667378394823973053e+01
8.681118856284567187e+01
8.694883875307667154e+01
8.708673430328353504e+01
8.722487499335395000e+01
8.736326059873692884e+01
8.750189089046783408e+01
8.764076563519370211e+01
8.777988459519899322e+01
8.791924752843181068e+01
8.805885418853046076e+01
8.819870432485048184e+01
8.833879768249198605e+01
8.847913400232745573e+01
8.861971302102979564e+01
8.876053447110095362e+01
8.890159808090066917e+01
8.904290357467577621e+01
8.918445067258970482e+01
8.932623909075249458e+01
8.946826854125082207e+01
8.961053873217879584e+01
8.975304936766866604e+01
8.989580014792210250e+01
9.003879076924164337e+01
9.018202092406245640e+01
9.032549030098445542e+01
9.046919858480463006e+01
9.061314545654965968e+01
9.075733059350878307e+01
9.090175366926693812e+01
9.104641435373820002e+01
9.119131231319931885e+01
9.133644721032366931e+01
9.148181870421524309e+01
9.162742645044302492e+01
9.177327010107546812e+01
