2.020505662505189537e-01
1.857689465078403435e-01
1.624357683634999883e-01
1.388495763133974492e-01
1.173228859505346666e-01
9.857641822506854612e-02
8.264907198075278905e-02
6.929655207109139403e-02
5.817956004887328558e-02
4.895134404322533384e-02
4.129511991532854032e-02
3.493678937502690818e-02
2.964603880999126112e-02
2.523248119296517267e-02
2.154013057877356835e-02
1.844174711921230114e-02
1.583370152322925717e-02
1.363157223107200333e-02
1.176648684613961632e-02
1.018213543998622989e-02
8.832356670332705550e-03
7.679197228680441356e-03
6.691355461418149742e-03
5.842933605048797330e-03
5.112436544169735031e-03
4.481966973207886229e-03
3.936576926971829815e-03
3.463743886664504001e-03
3.052946285729427056e-03
2.695318498309437483e-03
2.383369546536402706e-03
2.110753033443824034e-03
1.872078380771483030e-03
1.662755474766637598e-03
1.478866417159482860e-03
1.317059336250085699e-03
1.174460207768054931e-03
1.048599423755521010e-03
9.373504747500968626e-04
8.388786104985349046e-04
7.515977441791069080e-04
6.741341858874441706e-04
6.052960491121639475e-04
5.440473821612529237e-04
4.894862450551540345e-04
4.408260891701903939e-04
3.973799083339252247e-04
3.585467209696047153e-04
3.238000173487326494e-04
2.926778671170637836e-04
2.647744325284667744e-04
2.397326743631966739e-04
2.172380717959526697e-04
1.970132059638252109e-04
1.788130806753412960e-04
1.624210733516401328e-04
1.476454258141912668e-04
1.343161982780421981e-04
1.222826214758720997e-04
1.114107915264478388e-04
1.015816603624625225e-04
9.268928140590548814e-05
8.463927603316601100e-05
7.734749128353313186e-05
7.073882347419235828e-05
6.474618593618752804e-05
5.930960212810476584e-05
5.437540794245299125e-05
4.989554927181671928e-05
4.582696274148256865e-05
4.213102917398348080e-05
3.877309073646584281e-05
3.572202386539768959e-05
3.294986119097009780e-05
3.043145644715528064e-05
2.814418723365297303e-05
2.606769108055850825e-05
2.418363085360253351e-05
2.247548606279514694e-05
2.092836704797873537e-05
1.952884936447241149e-05
1.826482606374912887e-05
1.712537582172768413e-05
1.610064510336461918e-05
1.518174279691031359e-05
1.436064591042729433e-05
1.363011509790401643e-05
1.298361896073796373e-05
1.241526611230059363e-05
1.191974421828334574e-05
1.149226519420176729e-05
1.112851595826136464e-05
1.082461410814583580e-05
1.057706801806113095e-05
1.038274087661328338e-05
1.023881826241190840e-05
1.014277889205272842e-05
1.009236819179970546e-05
1.008557443578361745e-05
1.012060715742391093e-05
1.019587761671991721e-05
1.030998111674341633e-05
1.046168098671473867e-05
1.064989405108462961e-05
1.087367744220801846e-05
1.113221665173524944e-05
1.142481464459776941e-05
1.175088197656604105e-05
1.210992781557063136e-05
1.250155174516154322e-05
1.292543631899178980e-05
1.338134025204162914e-05
1.386909222980681200e-05
1.438858525097674868e-05
1.493977144523261913e-05
1.552265736375069149e-05
1.613729964131116468e-05
1.678380104934429351e-05
1.746230686323901882e-05
1.817300154452472505e-05
