9.000000000000000000e+00
9.126836610271048755e+00
9.254197842950011577e+00
9.382107783707345661e+00
9.510590679777862988e+00
9.639670892842739036e+00
9.769372847849073338e+00
9.899720977765156249e+00
1.003073966431393416e+01
1.016245317477669197e+01
1.029488559501289124e+01
1.042806075890031714e+01
1.056200217446108880e+01
1.069673294700338317e+01
1.083227569967429460e+01
1.096865249188510738e+01
1.110588473613518978e+01
1.124399311382255995e+01
1.138299749068701239e+01
1.152291683258297539e+01
1.166376912232300356e+01
1.180557127836654452e+01
1.194833907615146096e+01
1.209208707287553075e+01
1.223682853653154190e+01
1.238257537998091706e+01
1.252933810081724175e+01
1.267712572772228263e+01
1.282594577395357227e+01
1.297580419852545575e+01
1.312670537555555583e+01
1.327865207214847132e+01
1.343164543507947961e+01
1.358568498642625322e+01
1.374076862817833167e+01
1.389689265573547416e+01
1.405405178008955680e+01
1.421223915837347640e+01
1.437144643235666486e+01
1.453166377437313450e+01
1.469287994008579012e+01
1.485508232742192547e+01
1.501825704096047254e+01
1.518238896101179947e+01
1.534746181660641007e+01
1.551345826159890784e+01
1.568035995309776887e+01
1.584814763144845706e+01
1.601680120102609450e+01
1.618629981113274141e+01
1.635662193634135875e+01
1.652774545568276920e+01
1.669964773013037274e+01
1.687230567790006219e+01
1.704569584714634800e+01
1.721979448569999249e+01
1.739457760755584914e+01
1.757002105588033558e+01
1.774610056236642563e+01
1.792279180281810724e+01
1.810007044889658090e+01
1.827791221600563532e+01
1.845629290733450389e+01
1.863518845411177693e+01
1.881457495215522968e+01
1.899442869482766127e+01
1.917472620253104765e+01
1.935544424888805537e+01
1.953655988377322572e+01
1.971805045336603968e+01
1.989989361740430596e+01
2.008206736381997004e+01
2.026455002094053270e+01
2.044732026743823994e+01
2.063035714020613298e+01
2.081364004033616766e+01
2.099714873736822085e+01
2.118086337197308211e+01
2.136476445722471595e+01
2.154883287860916852e+01
