0.000000000000000000e+00
2.531645569620253333e-01
5.063291139240506666e-01
7.594936708860760000e-01
1.012658227848101333e+00
1.265822784810126667e+00
1.518987341772152000e+00
1.772151898734177333e+00
2.025316455696202667e+00
2.278481012658228000e+00
2.531645569620253333e+00
2.784810126582278667e+00
3.037974683544304000e+00
3.291139240506329333e+00
3.544303797468354666e+00
3.797468354430380000e+00
4.050632911392405333e+00
4.303797468354430222e+00
4.556962025316456000e+00
4.810126582278481777e+00
5.063291139240506666e+00
5.316455696202531556e+00
5.569620253164557333e+00
5.822784810126583110e+00
6.075949367088608000e+00
6.329113924050632889e+00
6.582278481012658666e+00
6.835443037974684444e+00
7.088607594936709333e+00
7.341772151898734222e+00
7.594936708860760000e+00
7.848101265822785777e+00
8.101265822784810666e+00
8.354430379746835555e+00
8.607594936708860445e+00
8.860759493670887110e+00
9.113924050632912000e+00
9.367088607594936889e+00
9.620253164556963554e+00
9.873417721518988444e+00
1.012658227848101333e+01
1.037974683544303822e+01
1.063291139240506311e+01
1.088607594936708978e+01
1.113924050632911467e+01
1.139240506329113956e+01
1.164556962025316622e+01
1.189873417721519111e+01
1.215189873417721600e+01
1.240506329113924089e+01
1.265822784810126578e+01
1.291139240506329244e+01
1.316455696202531733e+01
1.341772151898734222e+01
1.367088607594936889e+01
1.392405063291139378e+01
1.417721518987341867e+01
1.443037974683544356e+01
1.468354430379746844e+01
1.493670886075949511e+01
1.518987341772152000e+01
1.544303797468354489e+01
1.569620253164557155e+01
1.594936708860759644e+01
1.620253164556962133e+01
1.645569620253164800e+01
1.670886075949367111e+01
1.696202531645569778e+01
1.721518987341772089e+01
1.746835443037974755e+01
1.772151898734177422e+01
1.797468354430379733e+01
1.822784810126582400e+01
1.848101265822785066e+01
1.873417721518987378e+01
1.898734177215190044e+01
1.924050632911392711e+01
1.949367088607595022e+01
1.974683544303797689e+01
2.000000000000000000e+01
