3.600000000000000000e+01
3.612663950381087119e+01
3.625339345910138178e+01
3.638026186832986753e+01
3.650724473558893379e+01
3.663434206659847803e+01
3.676155386869594111e+01
3.688888015082383021e+01
3.701632092351437109e+01
3.714387619887154557e+01
3.727154599055019446e+01
3.739933031373255545e+01
3.752722918510191619e+01
3.765524262281362411e+01
3.778337064646343180e+01
3.791161327705292905e+01
3.803997053695264441e+01
3.816844244986214107e+01
3.829702904076765435e+01
3.842573033589707165e+01
3.855454636267227642e+01
3.868347714965896245e+01
3.881252272651376956e+01
3.894168312392904596e+01
3.907095837357496038e+01
3.920034850803914139e+01
3.932985356076402894e+01
3.945947356598148303e+01
3.958920855864534616e+01
3.971905857436134824e+01
3.984902364931481600e+01
3.997910382019612996e+01
4.010929912412373710e+01
4.023960959856513853e+01
4.037003528125557494e+01
4.050057621011449527e+01
4.063123242316012806e+01
4.076200395842176505e+01
4.089289085385009770e+01
4.102389314722561409e+01
4.115501087606502750e+01
4.128624407752575820e+01
4.141759278830861746e+01
4.154905704455872950e+01
4.168063688176464154e+01
4.181233233465578536e+01
4.194414343709824067e+01
4.207607022198894242e+01
4.220811272114840307e+01
4.234027096521183609e+01
4.247254498351893659e+01
4.260493480400231192e+01
4.273744045307446981e+01
4.287006195551378340e+01
4.300279933434901380e+01
4.313565261074290902e+01
4.326862180387462331e+01
4.340170693082112763e+01
4.353490800643783132e+01
4.366822504323806697e+01
4.380165805127204237e+01
4.393520703800492555e+01
4.406887200819414119e+01
4.420265296376636144e+01
4.433654990369363702e+01
4.447056282386930093e+01
4.460469171698337476e+01
4.473893657239760557e+01
4.487329737602040325e+01
4.500777411018143681e+01
4.514236675350622363e+01
4.527707528079065469e+01
4.541189966287554114e+01
4.554683986652134564e+01
4.568189585428295629e+01
4.581706758438490823e+01
4.595235501059682548e+01
4.608775808210927494e+01
4.622327674341016746e+01
4.635891093416171316e+01
