4.000000000000000000e+00
4.126248470258988554e+00
4.251829393704815274e+00
4.376742979146198920e+00
4.500989574318174924e+00
4.624569665463672763e+00
4.747483876749414300e+00
4.869732969517814425e+00
4.991317841377016506e+00
5.112239525131619722e+00
5.232499187557181131e+00
5.352098128021925305e+00
5.471037776959486898e+00
5.589319694196968058e+00
5.706945567142939879e+00
5.823917208840262205e+00
5.940236555889094383e+00
6.055905666245582353e+00
6.170926716902092046e+00
6.285302001455077558e+00
6.399033927566791569e+00
6.512125014327430073e+00
6.624577889524188912e+00
6.736395286824111039e+00
6.847580042877475570e+00
6.958135094348693706e+00
7.068063474881653541e+00
7.177368312006480622e+00
7.286052823994662475e+00
7.394120316669491544e+00
7.501574180178653961e+00
7.608417885735735631e+00
7.714654982337303402e+00
7.820289093462165830e+00
7.925323913759070749e+00
8.029763205729208764e+00
8.133610796409412202e+00
8.236870574062031380e+00
8.339546484877022436e+00
8.441642529691678831e+00
8.543162760733217453e+00
8.644111278389086550e+00
8.744492228009759671e+00
8.844309796748348163e+00
8.943568210441327437e+00
9.042271730534183760e+00
9.140424651055623073e+00
9.238031295643871488e+00
9.335096014627982441e+00
9.431623182167134800e+00
9.527617193450536703e+00
9.623082461960200007e+00
9.718023416798734715e+00
9.812444500084014365e+00
9.906350164412303982e+00
9.999744870391293006e+00
1.009263308424408834e+01
1.018501927548526531e+01
1.027690791466954856e+01
1.036830347121381557e+01
1.045921041129268048e+01
1.054963319580786596e+01
1.063957627843135434e+01
1.072904410372219353e+01
1.081804110531659369e+01
1.090657170419089894e+01
1.099464030699686035e+01
1.108225130446844453e+01
1.116940906989945503e+01
1.125611795769092183e+01
1.134238230196732289e+01
1.142820641526049918e+01
1.151359458726005869e+01
1.159855108362904019e+01
1.168308014488346736e+01
1.176718598533443938e+01
1.185087279209134259e+01
1.193414472412466054e+01
1.201700591138694918e+01
1.209946045399032499e+01
