1.000000000000000000e+02
1.001266935496723818e+02
1.002536096399219474e+02
1.003807482653321301e+02
1.005081094168758540e+02
1.006356930819165143e+02
1.007634992442089867e+02
1.008915278839013894e+02
1.010197789775367454e+02
1.011482524980553563e+02
1.012769484147973316e+02
1.014058666935055015e+02
1.015350072963286010e+02
1.016643701818249923e+02
1.017939553049664028e+02
1.019237626171423443e+02
1.020537920661646751e+02
1.021840435962724598e+02
1.023145171481373552e+02
1.024452126588690106e+02
1.025761300620212921e+02
1.027072692875982796e+02
1.028386302620610024e+02
1.029702129083343181e+02
1.031020171458141306e+02
1.032340428903749796e+02
1.033662900543779841e+02
1.034987585466789852e+02
1.036314482726370301e+02
1.037643591341233389e+02
1.038974910295304568e+02
1.040308438537815903e+02
1.041644174983405264e+02
1.042982118512217227e+02
1.044322267970005811e+02
1.045664622168243199e+02
1.047009179884228587e+02
1.048355939861202017e+02
1.049704900808459627e+02
1.051056061401472732e+02
1.052409420282010899e+02
1.053764976058264722e+02
1.055122727304975143e+02
1.056482672563563057e+02
1.057844810342262321e+02
1.059209139116256750e+02
1.060575657327817822e+02
1.061944363386446923e+02
1.063315255669019166e+02
1.064688332519930185e+02
1.066063592251245780e+02
1.067441033142853684e+02
1.068820653442618749e+02
1.070202451366538696e+02
1.071586425098905409e+02
1.072972572792465797e+02
1.074360892568586934e+02
1.075751382517422599e+02
1.077144040698082392e+02
1.078538865138803686e+02
1.079935853837124995e+02
1.081335004760062191e+02
1.082736315844287418e+02
1.084139784996308151e+02
1.085545410092651224e+02
1.086953188980046576e+02
1.088363119475614411e+02
1.089775199367054057e+02
1.091189426412834109e+02
1.092605798342385981e+02
1.094024312856297740e+02
1.095444967626511357e+02
1.096867760296520657e+02
1.098292688481570849e+02
1.099719749768861021e+02
1.101148941717748500e+02
1.102580261859952344e+02
1.104013707699761113e+02
1.105449276714242046e+02
1.106886966353449822e+02
