1.000000000000000000e+00
1.189368725144283045e+00
1.377712102979210540e+00
1.565006037397858041e+00
1.751226262804347122e+00
1.936348390401881003e+00
2.120347958542356803e+00
2.303200487140057984e+00
2.484881536107127253e+00
2.665366767719340224e+00
2.844632012766500129e+00
3.022653340283849577e+00
3.199407130599184690e+00
3.374870151366334614e+00
3.549019636189866045e+00
3.721833365380165404e+00
3.893289748313147225e+00
4.063367906806744756e+00
4.232047758868895393e+00
4.399310102120066013e+00
4.565136696149891371e+00
4.729510343033648034e+00
4.892414965211504096e+00
5.053835679923680324e+00
5.213758869398340323e+00
5.372172246007655971e+00
5.529064911641142999e+00
5.684427410594003582e+00
5.838251775331921856e+00
5.990531564570837020e+00
6.141261893200099742e+00
6.290439453677773685e+00
6.438062528635676074e+00
6.584130994546704585e+00
6.728646316425130891e+00
6.871611533649307546e+00
7.013031237112569372e+00
7.152911538019497861e+00
7.291260028748359545e+00
7.428085736294515407e+00
7.563399068891585308e+00
7.697211756476000311e+00
7.829536785715094815e+00
7.960388330358535214e+00
8.089781677697443385e+00
8.217733151925463275e+00
8.344260035192061054e+00
8.469380487121128454e+00
8.593113463539568286e+00
8.715478635121527873e+00
8.836496306606978379e+00
8.956187337199340348e+00
9.074573062688031655e+00
9.191675219779591899e+00
9.307515873057242928e+00
9.422117344924386018e+00
9.535502148824678059e+00
9.647692925969831634e+00
9.758712385748694373e+00
9.868583249936412116e+00
9.977328200772765499e+00
1.008496983293314386e+01
1.019153060937523136e+01
1.029703282100868833e+01
1.040149855010468194e+01
1.050494963733579468e+01
1.060740765231574478e+01
1.070889386749097660e+01
1.080942923522303900e+01
1.090903436789097114e+01
1.100772952083656442e+01
1.110553457797171895e+01
1.120246903986611464e+01
1.129855201413440824e+01
1.139380220794508070e+01
1.148823792247755904e+01
1.158187704915952843e+01
1.167473706752329043e+01
1.176683504452703843e+01
1.185818763519481500e+01
