9.000000000000000000e+00
9.126828688089718256e+00
9.254134480381702943e+00
9.381894018803061286e+00
9.510084256004081027e+00
9.638682483395758283e+00
9.767666355789975441e+00
9.897013912818701797e+00
1.002670359731668270e+01
1.015671427085696621e+01
1.028702522663071939e+01
1.041761619986257692e+01
1.054846737595026696e+01
1.067955939651321984e+01
1.081087336352951311e+01
1.094239084173356247e+01
1.107409385943985036e+01
1.120596490794948430e+01
1.133798693968816274e+01
1.147014336521491806e+01
1.160241804923236764e+01
1.173479530572003071e+01
1.186725989230361122e+01
1.199979700396432314e+01
1.213239226618417632e+01
1.226503172761495186e+01
1.239770185235096100e+01
1.253038951187839700e+01
1.266308197676718450e+01
1.279576690816479001e+01
1.292843234914532147e+01
1.306106671596172220e+01
1.319365878924349467e+01
1.332619770517771762e+01
1.345867294670646963e+01
1.359107433476986948e+01
1.372339201962002342e+01
1.385561647222793979e+01
1.398773847580218188e+01
1.411974911743534200e+01
1.425163977989184616e+01
1.438340213354823049e+01
1.451502812849509638e+01
1.464650998680800242e+01
1.477784019499294743e+01
1.490901149661063485e+01
1.504001688508239987e+01
1.517084959667953648e+01
1.530150310369675815e+01
1.543197110780968018e+01
1.556224753361532542e+01
1.569232652235421277e+01
1.582220242581173864e+01
1.595186980039633795e+01
1.608132340139135152e+01
1.621055817737719806e+01
1.633956926482024130e+01
1.646835198282443358e+01
1.659690182804172665e+01
1.672521446973698289e+01
1.685328574500314147e+01
1.698111165412232637e+01
1.710868835606839156e+01
1.723601216414660087e+01
1.736307954176605506e+01
1.748988709834042155e+01
1.761643158531275688e+01
1.774270989230015516e+01
1.786871904335400885e+01
1.799445619333182123e+01
1.811991862437663414e+01
1.824510374250005640e+01
1.837000907426526908e+01
1.849463226356616730e+01
1.861897106849912120e+01
1.874302335832407351e+01
1.886678711051129298e+01
1.899026040787089187e+01
1.911344143576192778e+01
1.923632847937782486e+01
