7.000000000000000000e+00 7.100000000000000000e+01 2.800000000000000000e+01 1.258552344866742834e+00 6.029384092780010542e+05 9.284745035609502040e+00 1.048977463766569640e+00
7.000000000000000000e+00 7.100000000000000000e+01 3.000000000000000000e+01 1.300056242231229175e+00 6.003934242075926159e+05 9.093644299106218298e+00 1.069883655503549358e+00
7.000000000000000000e+00 7.100000000000000000e+01 3.200000000000000000e+01 1.366038272390057262e+00 6.015170617465311661e+05 8.887663198317612867e+00 1.092458949891086162e+00
7.000000000000000000e+00 7.100000000000000000e+01 3.400000000000000000e+01 1.443397021360654175e+00 5.977746875248288270e+05 8.682246905169348494e+00 1.117940118247100711e+00
7.000000000000000000e+00 7.100000000000000000e+01 3.600000000000000000e+01 1.538092704165842983e+00 5.959743586198852863e+05 8.459302290789018741e+00 1.145483481758365008e+00
7.000000000000000000e+00 7.100000000000000000e+01 3.800000000000000000e+01 1.650084604526084631e+00 5.995818282592889154e+05 8.191229738316843978e+00 1.174060872261502242e+00
7.000000000000000000e+00 7.100000000000000000e+01 4.000000000000000000e+01 1.773298685602207270e+00 6.033107462956206873e+05 7.895624210556016820e+00 1.204972234096949091e+00
7.000000000000000000e+00 7.100000000000000000e+01 4.200000000000000000e+01 1.899090147459114863e+00 6.004195711573947920e+05 7.555417937460421562e+00 1.238308067819255065e+00
7.000000000000000000e+00 7.100000000000000000e+01 4.400000000000000000e+01 2.032497004639955307e+00 5.990240175924707437e+05 7.188957835290037401e+00 1.271516639116172520e+00
7.000000000000000000e+00 7.100000000000000000e+01 4.600000000000000000e+01 2.169232704896310260e+00 5.935996063633839367e+05 6.813512871232287438e+00 1.305739684409943591e+00
7.000000000000000000e+00 7.100000000000000000e+01 4.800000000000000000e+01 2.322497457909065588e+00 6.016596408570489148e+05 6.392974748322605372e+00 1.338156528407218104e+00
7.000000000000000000e+00 7.100000000000000000e+01 5.000000000000000000e+01 2.473667865198707183e+00 5.988629366638719803e+05 5.978769711114724217e+00 1.373089912465490059e+00
7.000000000000000000e+00 7.100000000000000000e+01 5.200000000000000000e+01 2.635708848328182974e+00 6.023045040102251805e+05 5.535657833802808625e+00 1.408613167511555186e+00
7.000000000000000000e+00 7.100000000000000000e+01 5.400000000000000000e+01 2.797268694413902690e+00 5.975865525903393282e+05 5.095333974337467708e+00 1.446571848641037494e+00
7.000000000000000000e+00 7.100000000000000000e+01 5.600000000000000000e+01 2.968860710305794903e+00 5.983494979533132864e+05 4.629601137566850433e+00 1.487849105239601455e+00
7.000000000000000000e+00 7.100000000000000000e+01 5.800000000000000000e+01 3.142634998595081441e+00 5.950544129833774641e+05 4.160826605505362430e+00 1.534227017348431144e+00
7.000000000000000000e+00 7.100000000000000000e+01 6.000000000000000000e+01 3.329730938715894872e+00 6.021248227182001574e+05 3.659461586812149836e+00 1.593567272178342709e+00
7.000000000000000000e+00 7.100000000000000000e+01 6.200000000000000000e+01 3.510849971518130275e+00 5.965772395975033287e+05 3.179450195461080764e+00 1.665442316208344931e+00
7.000000000000000000e+00 7.100000000000000000e+01 6.400000000000000000e+01 3.699432851844192793e+00 5.970262406632729108e+05 2.685180248794126978e+00 1.766975824394794392e+00
7.000000000000000000e+00 7.100000000000000000e+01 6.600000000000000000e+01 3.888827846605944494e+00 5.982692924056012416e+05 2.196066656602805978e+00 1.907499517385846000e+00
7.000000000000000000e+00 7.100000000000000000e+01 6.800000000000000000e+01 4.070888092007682424e+00 5.934964435264855856e+05 1.735424551388028869e+00 2.080083161212196163e+00
7.000000000000000000e+00 7.100000000000000000e+01 7.000000000000000000e+01 4.102090187652292386e+00 4.316907327038075309e+05 1.752649709014876933e+00 1.940123391514281259e+00
7.000000000000000000e+00 7.100000000000000000e+01 7.200000000000000000e+01 4.165347149518657588e+00 3.510438145080452668e+05 1.822444830334901678e+00 1.858762288834739484e+00
7.000000000000000000e+00 7.100000000000000000e+01 7.400000000000000000e+01 4.226983337478257496e+00 2.941931479338516947e+05 1.927703957549028679e+00 1.779264236876724414e+00
7.000000000000000000e+00 7.100000000000000000e+01 7.600000000000000000e+01 4.302172859242517688e+00 2.569633399250681396e+05 2.016239997454578603e+00 1.725436554640734421e+00
7.000000000000000000e+00 7.100000000000000000e+01 7.800000000000000000e+01 4.376531513701445775e+00 2.280446593400571146e+05 2.116971825225970161e+00 1.675016258005925573e+00
7.000000000000000000e+00 7.200000000000000000e+01 2.800000000000000000e+01 1.215154733649893792e+00 6.007000522609839682e+05 9.372835348513788745e+00 1.049326670607481082e+00
7.000000000000000000e+00 7.200000000000000000e+01 3.000000000000000000e+01 1.258862084226691991e+00 6.001475937157871667e+05 9.185763801707734544e+00 1.069976998614395214e+00
7.000000000000000000e+00 7.200000000000000000e+01 3.200000000000000000e+01 1.323093646957148595e+00 6.009374425632429775e+05 8.986605221828710910e+00 1.092433014127311308e+00
7.000000000000000000e+00 7.200000000000000000e+01 3.400000000000000000e+01 1.400198706409458538e+00 5.986840240814387798e+05 8.785859258482764389e+00 1.117442747175707574e+00
7.000000000000000000e+00 7.200000000000000000e+01 3.600000000000000000e+01 1.491807396130043317e+00 5.961419838888957165e+05 8.569956085615704211e+00 1.144743993979185692e+00
7.000000000000000000e+00 7.200000000000000000e+01 3.800000000000000000e+01 1.605851728245132559e+00 6.063439515833411133e+05 8.291213946136837265e+00 1.170911429458397546e+00
7.000000000000000000e+00 7.200000000000000000e+01 4.000000000000000000e+01 1.716588890621917773e+00 5.978994118193732575e+05 8.033223827075048007e+00 1.204275033901283765e+00
7.000000000000000000e+00 7.200000000000000000e+01 4.200000000000000000e+01 1.841821983816617436e+00 5.994238176942761056e+05 7.691232926730276809e+00 1.235340001026697054e+00
7.000000000000000000e+00 7.200000000000000000e+01 4.400000000000000000e+01 1.968720442073528476e+00 5.946326376933796564e+05 7.342653153288733137e+00 1.268068572306519037e+00
7.000000000000000000e+00 7.200000000000000000e+01 4.600000000000000000e+01 2.107719010719095731e+00 5.976932995951687917e+05 6.960982404103114085e+00 1.299228150512384605e+00
7.000000000000000000e+00 7.200000000000000000e+01 4.800000000000000000e+01 2.255964278100172304e+00 6.047994812865967397e+05 6.554219496236087572e+00 1.330252251503425187e+00
7.000000000000000000e+00 7.200000000000000000e+01 5.000000000000000000e+01 2.401387475832246210e+00 6.002688270211486379e+05 6.155771650936326722e+00 1.363733052294135772e+00
7.000000000000000000e+00 7.200000000000000000e+01 5.200000000000000000e+01 2.551073177115203983e+00 5.938016433050754713e+05 5.746534843594091058e+00 1.397652474502938835e+00
7.000000000000000000e+00 7.200000000000000000e+01 5.400000000000000000e+01 2.716145302864152900e+00 5.994505999256095383e+05 5.296468313530158234e+00 1.432201611670798513e+00
7.000000000000000000e+00 7.200000000000000000e+01 5.600000000000000000e+01 2.880687637982255911e+00 5.973281658526547253e+05 4.849929860233951118e+00 1.469289130506109986e+00
7.000000000000000000e+00 7.200000000000000000e+01 5.800000000000000000e+01 3.055018062279101443e+00 6.005166161617944017e+05 4.379408711039141977e+00 1.510913169982682769e+00
7.000000000000000000e+00 7.200000000000000000e+01 6.000000000000000000e+01 3.232886133663834372e+00 6.017002759486193536e+05 3.903002727484917056e+00 1.559497979065665341e+00
7.000000000000000000e+00 7.200000000000000000e+01 6.200000000000000000e+01 3.408953109679455196e+00 5.951587376964080613e+05 3.436362780618658519e+00 1.616587378261322705e+00
7.000000000000000000e+00 7.200000000000000000e+01 6.400000000000000000e+01 3.595677616654577857e+00 5.971445954375723377e+05 2.946579979354050582e+00 1.696104859273341647e+00
7.000000000000000000e+00 7.200000000000000000e+01 6.600000000000000000e+01 3.786466009566881841e+00 6.018270662171675358e+05 2.452945703117390686e+00 1.807920343010606778e+00
7.000000000000000000e+00 7.200000000000000000e+01 6.800000000000000000e+01 3.975145003296461699e+00 6.050178493981515057e+05 1.973487252696911165e+00 1.957780789096470686e+00
7.000000000000000000e+00 7.200000000000000000e+01 7.000000000000000000e+01 4.100841521495704356e+00 5.332387913099793950e+05 1.673774399461506635e+00 2.014513034475895470e+00
7.000000000000000000e+00 7.200000000000000000e+01 7.200000000000000000e+01 4.128128040445892211e+00 3.986625776059546042e+05 1.795442349022351225e+00 1.864994911216153906e+00
7.000000000000000000e+00 7.200000000000000000e+01 7.400000000000000000e+01 4.205840188854212514e+00 3.379630975117824273e+05 1.851928040888612514e+00 1.810054982786285738e+00
7.000000000000000000e+00 7.200000000000000000e+01 7.600000000000000000e+01 4.276917240776293205e+00 2.906798320983276353e+05 1.940553173589165459e+00 1.747101293745661144e+00
7.000000000000000000e+00 7.200000000000000000e+01 7.800000000000000000e+01 4.346452300642934752e+00 2.547165612365807465e+05 2.044823016771369240e+00 1.687993731170716494e+00
7.000000000000000000e+00 7.300000000000000000e+01 2.800000000000000000e+01 1.174594138736817062e+00 5.996093320235047722e+05 9.453526693253829549e+00 1.049676474023486294e+00
7.000000000000000000e+00 7.300000000000000000e+01 3.000000000000000000e+01 1.215433107566034510e+00 5.967407292533005821e+05 9.280742165472812388e+00 1.070783788708774775e+00
7.000000000000000000e+00 7.300000000000000000e+01 3.200000000000000000e+01 1.281744688135644017e+00 6.004681711395026650e+05 9.080100027136541740e+00 1.092522952769163336e+00
7.000000000000000000e+00 7.300000000000000000e+01 3.400000000000000000e+01 1.359042577562608489e+00 6.002762759914018679e+05 8.881696165005793731e+00 1.116836223922498039e+00
7.000000000000000000e+00 7.300000000000000000e+01 3.600000000000000000e+01 1.452160486683788942e+00 6.025402221362263663e+05 8.657174669680220092e+00 1.142492628024101009e+00
7.000000000000000000e+00 7.300000000000000000e+01 3.800000000000000000e+01 1.550841124569552365e+00 5.965722332723414293e+05 8.430643149443202589e+00 1.172540880331278013e+00
7.000000000000000000e+00 7.300000000000000000e+01 4.000000000000000000e+01 1.663693894511546034e+00 5.952337288546686759e+05 8.157115278540205239e+00 1.203257602314487862e+00
7.000000000000000000e+00 7.300000000000000000e+01 4.200000000000000000e+01 1.783242429204571433e+00 5.940735716927434551e+05 7.829194079033354292e+00 1.233993283867441448e+00
7.000000000000000000e+00 7.300000000000000000e+01 4.400000000000000000e+01 1.915031487615624028e+00 6.010175705998477060e+05 7.467172336852356374e+00 1.262790470835418732e+00
7.000000000000000000e+00 7.300000000000000000e+01 4.600000000000000000e+01 2.045777950738279838e+00 5.983648932858895278e+05 7.108168835051070999e+00 1.293969835878852503e+00
7.000000000000000000e+00 7.300000000000000000e+01 4.800000000000000000e+01 2.189685028993070937e+00 6.051937667747321539e+05 6.713309222171642610e+00 1.323569234428993768e+00
7.000000000000000000e+00 7.300000000000000000e+01 5.000000000000000000e+01 2.331428967536214536e+00 6.014575361607519444e+05 6.324938084480099754e+00 1.355229396510558848e+00
7.000000000000000000e+00 7.300000000000000000e+01 5.200000000000000000e+01 2.480220580994445978e+00 5.994708905064869905e+05 5.918103297642071325e+00 1.386993141122474071e+00
7.000000000000000000e+00 7.300000000000000000e+01 5.400000000000000000e+01 2.636423005860407454e+00 5.996756932393088937e+05 5.492299263661922559e+00 1.419457995347321422e+00
7.000000000000000000e+00 7.300000000000000000e+01 5.600000000000000000e+01 2.796721109318820897e+00 5.980447779825445032e+05 5.057261702593875974e+00 1.453409476585768134e+00
7.000000000000000000e+00 7.300000000000000000e+01 5.800000000000000000e+01 2.964152737461527298e+00 5.985175652258878108e+05 4.605436314665024788e+00 1.490152191921776392e+00
7.000000000000000000e+00 7.300000000000000000e+01 6.000000000000000000e+01 3.140821411267702867e+00 6.038068580722963670e+05 4.132002074495925825e+00 1.532696421320745905e+00
7.000000000000000000e+00 7.300000000000000000e+01 6.200000000000000000e+01 3.318565816242289301e+00 6.045317052886866732e+05 3.660364768299126936e+00 1.582842253820743394e+00
7.000000000000000000e+00 7.300000000000000000e+01 6.400000000000000000e+01 3.494892835885162086e+00 5.985833143176132580e+05 3.198421636294830783e+00 1.642808660076459093e+00
7.000000000000000000e+00 7.300000000000000000e+01 6.600000000000000000e+01 3.678681127697749798e+00 5.978989239085824229e+05 2.723118303777607441e+00 1.725351650769786360e+00
7.000000000000000000e+00 7.300000000000000000e+01 6.800000000000000000e+01 3.861634578598544643e+00 5.945574997536222218e+05 2.258269678105611078e+00 1.833507614875175218e+00
7.000000000000000000e+00 7.300000000000000000e+01 7.000000000000000000e+01 4.052135159795669850e+00 6.021723111263184110e+05 1.782348677424805850e+00 1.990053149096266960e+00
7.000000000000000000e+00 7.300000000000000000e+01 7.200000000000000000e+01 4.113757490207980538e+00 4.726256262689629220e+05 1.728054847071333500e+00 1.912803586155909619e+00
7.000000000000000000e+00 7.300000000000000000e+01 7.400000000000000000e+01 4.173979407540561404e+00 3.845141321422799956e+05 1.801783383081624113e+00 1.826913229783082571e+00
7.000000000000000000e+00 7.300000000000000000e+01 7.600000000000000000e+01 4.246199561328040772e+00 3.279260401278493227e+05 1.881238650771435594e+00 1.764020316941973476e+00
7.000000000000000000e+00 7.300000000000000000e+01 7.800000000000000000e+01 4.318565864347835515e+00 2.859522474320689216e+05 1.971840336240016089e+00 1.706191716517782009e+00
7.000000000000000000e+00 7.300000000000000000e+01 8.000000000000000000e+01 4.395541904786400167e+00 2.547622522134277388e+05 2.063562029765032779e+00 1.659063929878046517e+00
7.000000000000000000e+00 7.400000000000000000e+01 2.800000000000000000e+01 1.135803161667357175e+00 5.986167183546732413e+05 9.532492080363301312e+00 1.050319345990145425e+00
7.000000000000000000e+00 7.400000000000000000e+01 3.000000000000000000e+01 1.176141128334977193e+00 5.957375030605659122e+05 9.363620348072601018e+00 1.071428488805437063e+00
7.000000000000000000e+00 7.400000000000000000e+01 3.200000000000000000e+01 1.241995135985568988e+00 6.003054624881754862e+05 9.167909332450593141e+00 1.092774257211264644e+00
7.000000000000000000e+00 7.400000000000000000e+01 3.400000000000000000e+01 1.318384112046801393e+00 6.007947287175382953e+05 8.976622979328508833e+00 1.116691397977587652e+00
7.000000000000000000e+00 7.400000000000000000e+01 3.600000000000000000e+01 1.408219471684870161e+00 6.018865419012974016e+05 8.758000952727535093e+00 1.142381053580033390e+00
7.000000000000000000e+00 7.400000000000000000e+01 3.800000000000000000e+01 1.509129702015575392e+00 6.023576863669200102e+05 8.521743702073610649e+00 1.170228894458824831e+00
7.000000000000000000e+00 7.400000000000000000e+01 4.000000000000000000e+01 1.616061737599630455e+00 5.974027263270962285e+05 8.263918498498203036e+00 1.201202487441513256e+00
7.000000000000000000e+00 7.400000000000000000e+01 4.200000000000000000e+01 1.732749386869993469e+00 5.971239065314240288e+05 7.943470902412352430e+00 1.230927294210960143e+00
7.000000000000000000e+00 7.400000000000000000e+01 4.400000000000000000e+01 1.855288961304367712e+00 5.966257203968140529e+05 7.606861863413150182e+00 1.260516937085668143e+00
7.000000000000000000e+00 7.400000000000000000e+01 4.600000000000000000e+01 1.990704266243110920e+00 6.053634806149096694e+05 7.235022257114964717e+00 1.288118060281425947e+00
7.000000000000000000e+00 7.400000000000000000e+01 4.800000000000000000e+01 2.117006177488525598e+00 5.943660767614472425e+05 6.888517682384400764e+00 1.319475959699422329e+00
7.000000000000000000e+00 7.400000000000000000e+01 5.000000000000000000e+01 2.265359831147827130e+00 6.046209397910024272e+05 6.481956839537611259e+00 1.347484954481116715e+00
7.000000000000000000e+00 7.400000000000000000e+01 5.200000000000000000e+01 2.408619317135972437e+00 6.010051899804146960e+05 6.090264056682479499e+00 1.377776664170272447e+00
7.000000000000000000e+00 7.400000000000000000e+01 5.400000000000000000e+01 2.563638719335552096e+00 6.052321970530868275e+05 5.667621620403081373e+00 1.408139124432631339e+00
7.000000000000000000e+00 7.400000000000000000e+01 5.600000000000000000e+01 2.716154105209350522e+00 5.995449562884105835e+05 5.253804180346763886e+00 1.439774277642961176e+00
7.000000000000000000e+00 7.400000000000000000e+01 5.800000000000000000e+01 2.874941800489893229e+00 5.951960514225007500e+05 4.825466031416702606e+00 1.472647885401244805e+00
7.000000000000000000e+00 7.400000000000000000e+01 6.000000000000000000e+01 3.047176565732582443e+00 6.006504350606771186e+05 4.363862958053671193e+00 1.509681046175593844e+00
7.000000000000000000e+00 7.400000000000000000e+01 6.200000000000000000e+01 3.219825295469892712e+00 6.007026856412853813e+05 3.905730659285130191e+00 1.551583471966516914e+00
7.000000000000000000e+00 7.400000000000000000e+01 6.400000000000000000e+01 3.393969126185220730e+00 5.972236787876212038e+05 3.449178461587648847e+00 1.600771883814841257e+00
7.000000000000000000e+00 7.400000000000000000e+01 6.600000000000000000e+01 3.578048354252152841e+00 6.008242400344951311e+05 2.972373129388365509e+00 1.667634195757074833e+00
7.000000000000000000e+00 7.400000000000000000e+01 6.800000000000000000e+01 3.762919224061335832e+00 6.024773011272811564e+05 2.501470753912496736e+00 1.756642054506363460e+00
7.000000000000000000e+00 7.400000000000000000e+01 7.000000000000000000e+01 3.940585451082917690e+00 5.946431440628505079e+05 2.059232289368728264e+00 1.863226116843889946e+00
7.000000000000000000e+00 7.400000000000000000e+01 7.200000000000000000e+01 4.099396634157126407e+00 5.660863260207320563e+05 1.680743081759708213e+00 1.961522381048512953e+00
7.000000000000000000e+00 7.400000000000000000e+01 7.400000000000000000e+01 4.144643398433938586e+00 4.408912097252731328e+05 1.760068695207522627e+00 1.849735063666568813e+00
7.000000000000000000e+00 7.400000000000000000e+01 7.600000000000000000e+01 4.214621479456464037e+00 3.709343560824142187e+05 1.828903781217123825e+00 1.782401132475913919e+00
7.000000000000000000e+00 7.400000000000000000e+01 7.800000000000000000e+01 4.288235388377827917e+00 3.210883537016829941e+05 1.907539200507814225e+00 1.724058053324792672e+00
7.000000000000000000e+00 7.400000000000000000e+01 8.000000000000000000e+01 4.360396479751930343e+00 2.828231836843329365e+05 2.002169005563547710e+00 1.669720848983768713e+00
7.000000000000000000e+00 7.500000000000000000e+01 2.800000000000000000e+01 1.099617274152718149e+00 5.987463772055484587e+05 9.600812262545005638e+00 1.050915988747165741e+00
7.000000000000000000e+00 7.500000000000000000e+01 3.000000000000000000e+01 1.146424835648022000e+00 6.023428865045307903e+05 9.421657216965011017e+00 1.070672816494483870e+00
7.000000000000000000e+00 7.500000000000000000e+01 3.200000000000000000e+01 1.200477556495618714e+00 5.967572853047312237e+05 9.259998367952663401e+00 1.094000514881728670e+00
7.000000000000000000e+00 7.500000000000000000e+01 3.400000000000000000e+01 1.278283584556053842e+00 6.003617394480748335e+05 9.066665501895936785e+00 1.117093741924139794e+00
7.000000000000000000e+00 7.500000000000000000e+01 3.600000000000000000e+01 1.367975366013709282e+00 6.039861089671275113e+05 8.846845219784777115e+00 1.141804824324099910e+00
7.000000000000000000e+00 7.500000000000000000e+01 3.800000000000000000e+01 1.462899425684915489e+00 5.999009978931460064e+05 8.629806672316746585e+00 1.170443156302436449e+00
7.000000000000000000e+00 7.500000000000000000e+01 4.000000000000000000e+01 1.569430311010167944e+00 5.986899928523445269e+05 8.366267185421575547e+00 1.199666580275236649e+00
7.000000000000000000e+00 7.500000000000000000e+01 4.200000000000000000e+01 1.687844401511722214e+00 6.054758355406542541e+05 8.040927880551663520e+00 1.226702725557880846e+00
7.000000000000000000e+00 7.500000000000000000e+01 4.400000000000000000e+01 1.801718395175831766e+00 5.979668002318612998e+05 7.728127431547167525e+00 1.257210245215565569e+00
7.000000000000000000e+00 7.500000000000000000e+01 4.600000000000000000e+01 1.929858969030412652e+00 6.020100839204516960e+05 7.376269576415913853e+00 1.284747940778587560e+00
7.000000000000000000e+00 7.500000000000000000e+01 4.800000000000000000e+01 2.056641436056643624e+00 5.967696791188311763e+05 7.028429430674698608e+00 1.313814956320906724e+00
7.000000000000000000e+00 7.500000000000000000e+01 5.000000000000000000e+01 2.198905596266311768e+00 6.043710491119445069e+05 6.638568822463045471e+00 1.340776539773484544e+00
7.000000000000000000e+00 7.500000000000000000e+01 5.200000000000000000e+01 2.338332161182822944e+00 6.011785676108938642e+05 6.257351375201437804e+00 1.369492432692632766e+00
7.000000000000000000e+00 7.500000000000000000e+01 5.400000000000000000e+01 2.484494374584985010e+00 5.997300046874613035e+05 5.858937762518658943e+00 1.398309711883351625e+00
7.000000000000000000e+00 7.500000000000000000e+01 5.600000000000000000e+01 2.637146143063284764e+00 5.997254868122156477e+05 5.444605220714536564e+00 1.427668672178112219e+00
7.000000000000000000e+00 7.500000000000000000e+01 5.800000000000000000e+01 2.794051109993131998e+00 5.985109113554776413e+05 5.021227777980770135e+00 1.458099664372636939e+00
7.000000000000000000e+00 7.500000000000000000e+01 6.000000000000000000e+01 2.957217703173005141e+00 5.986171423366379458e+05 4.584169646766789619e+00 1.490669202864116194e+00
7.000000000000000000e+00 7.500000000000000000e+01 6.200000000000000000e+01 3.125831927875280414e+00 5.992469633745237952e+05 4.136658948087053034e+00 1.526941560665836750e+00
7.000000000000000000e+00 7.500000000000000000e+01 6.400000000000000000e+01 3.296569621061665512e+00 5.969496098580403486e+05 3.688859831648935383e+00 1.568291232902786048e+00
7.000000000000000000e+00 7.500000000000000000e+01 6.600000000000000000e+01 3.476529044757215914e+00 6.002556670129117556e+05 3.222574735402651047e+00 1.621503609816329572e+00
7.000000000000000000e+00 7.500000000000000000e+01 6.800000000000000000e+01 3.655431151714493065e+00 5.985219443696290255e+05 2.766994893756787199e+00 1.687619207805886257e+00
7.000000000000000000e+00 7.500000000000000000e+01 7.000000000000000000e+01 3.840137723966999594e+00 6.010351842528150883e+05 2.304658951623470120e+00 1.779446765504230088e+00
7.000000000000000000e+00 7.500000000000000000e+01 7.200000000000000000e+01 4.026875212656659819e+00 6.059372111384581076e+05 1.846979472121324184e+00 1.903470123629666055e+00
7.000000000000000000e+00 7.500000000000000000e+01 7.400000000000000000e+01 4.143506866759803842e+00 5.342294112382692983e+05 1.662090690855916764e+00 1.922549516916536083e+00
7.000000000000000000e+00 7.500000000000000000e+01 7.600000000000000000e+01 4.213562792914290256e+00 4.408002011470935540e+05 1.719869255290889631e+00 1.849802408598297143e+00
7.000000000000000000e+00 7.500000000000000000e+01 7.800000000000000000e+01 4.287504302777358056e+00 3.757060556534875650e+05 1.793345132112063034e+00 1.784537779450998451e+00
7.000000000000000000e+00 7.500000000000000000e+01 8.000000000000000000e+01 4.359826418174705509e+00 3.265786144921568921e+05 1.885044059620951451e+00 1.721557944352996694e+00
7.000000000000000000e+00 7.500000000000000000e+01 8.200000000000000000e+01 4.434568394858899865e+00 2.897393957233868423e+05 1.976987651510923039e+00 1.668269749483734632e+00
7.000000000000000000e+00 7.600000000000000000e+01 2.800000000000000000e+01 1.065995280758061714e+00 6.000163203615511302e+05 9.662004098797142504e+00 1.051331814846236057e+00
7.000000000000000000e+00 7.600000000000000000e+01 3.000000000000000000e+01 1.108361768314581219e+00 6.001178209286981728e+05 9.500420253480113431e+00 1.071830990283213492e+00
7.000000000000000000e+00 7.600000000000000000e+01 3.200000000000000000e+01 1.170128055228639719e+00 6.035718827693515923e+05 9.318633423599429477e+00 1.093054390688710020e+00
7.000000000000000000e+00 7.600000000000000000e+01 3.400000000000000000e+01 1.239615842947054070e+00 6.000204726388058625e+05 9.149932566492079644e+00 1.117615442089982869e+00
7.000000000000000000e+00 7.600000000000000000e+01 3.600000000000000000e+01 1.320041961467214531e+00 5.944172283806209452e+05 8.961567840925765083e+00 1.144491926123768044e+00
7.000000000000000000e+00 7.600000000000000000e+01 3.800000000000000000e+01 1.419809746765794634e+00 5.996457016532056732e+05 8.726426579039927134e+00 1.170203919429021466e+00
7.000000000000000000e+00 7.600000000000000000e+01 4.000000000000000000e+01 1.522841945992442048e+00 5.978524262289579492e+05 8.466890831000212003e+00 1.198925935706223855e+00
7.000000000000000000e+00 7.600000000000000000e+01 4.200000000000000000e+01 1.633847586581374633e+00 5.990145871638527606e+05 8.161907572685025869e+00 1.226549891948886639e+00
7.000000000000000000e+00 7.600000000000000000e+01 4.400000000000000000e+01 1.749191078112390718e+00 5.982932401376460912e+05 7.845065950455587966e+00 1.254418178254184779e+00
7.000000000000000000e+00 7.600000000000000000e+01 4.600000000000000000e+01 1.875768970160095472e+00 6.050983235888639465e+05 7.497495120031506310e+00 1.280358332985889414e+00
7.000000000000000000e+00 7.600000000000000000e+01 4.800000000000000000e+01 2.000837952161378386e+00 6.024543437943530735e+05 7.154349061609388549e+00 1.308095230604858328e+00
7.000000000000000000e+00 7.600000000000000000e+01 5.000000000000000000e+01 2.136129479469154102e+00 6.060500335208500037e+05 6.783616716552019810e+00 1.334648285832707115e+00
7.000000000000000000e+00 7.600000000000000000e+01 5.200000000000000000e+01 2.273033336366720114e+00 6.047562042538528331e+05 6.409279291858563710e+00 1.361936102041499730e+00
7.000000000000000000e+00 7.600000000000000000e+01 5.400000000000000000e+01 2.414276687359466766e+00 6.023387042791090207e+05 6.024289740530279325e+00 1.389310726899141590e+00
7.000000000000000000e+00 7.600000000000000000e+01 5.600000000000000000e+01 2.564464297588903374e+00 6.044824938278598711e+05 5.616591872468306157e+00 1.416833860442541226e+00
7.000000000000000000e+00 7.600000000000000000e+01 5.800000000000000000e+01 2.713368160405361440e+00 5.989347688249060884e+05 5.214959752711878949e+00 1.445058107865764718e+00
7.000000000000000000e+00 7.600000000000000000e+01 6.000000000000000000e+01 2.869633147689092389e+00 5.962707620274050860e+05 4.796516779674864672e+00 1.474358528769660115e+00
7.000000000000000000e+00 7.600000000000000000e+01 6.200000000000000000e+01 3.037105191507752711e+00 6.007266038742777891e+05 4.351734229448943836e+00 1.506980409061944970e+00
7.000000000000000000e+00 7.600000000000000000e+01 6.400000000000000000e+01 3.205037927632178540e+00 6.002483017575267004e+05 3.911078741264971015e+00 1.542997674893372473e+00
7.000000000000000000e+00 7.600000000000000000e+01 6.600000000000000000e+01 3.376209006955815273e+00 5.984453016068021534e+05 3.468053844211802961e+00 1.585027803873559238e+00
7.000000000000000000e+00 7.600000000000000000e+01 6.800000000000000000e+01 3.550644676296188962e+00 5.959224495320245624e+05 3.023733082096600189e+00 1.636329724896249171e+00
7.000000000000000000e+00 7.600000000000000000e+01 7.000000000000000000e+01 3.736531493802659920e+00 6.025784288614136167e+05 2.557157972582330796e+00 1.710110878062325090e+00
7.000000000000000000e+00 7.600000000000000000e+01 7.200000000000000000e+01 3.915181911872216869e+00 5.994611910992680350e+05 2.120027946403749919e+00 1.798071979920979002e+00
7.000000000000000000e+00 7.600000000000000000e+01 7.400000000000000000e+01 4.093282898115623958e+00 5.958127842365611577e+05 1.699391141062041255e+00 1.908424026581108546e+00
7.000000000000000000e+00 7.600000000000000000e+01 7.600000000000000000e+01 4.186951473892451148e+00 5.082754042235251982e+05 1.668478594532748494e+00 1.880713695064615054e+00
7.000000000000000000e+00 7.600000000000000000e+01 7.800000000000000000e+01 4.254302946006723651e+00 4.243775136268727947e+05 1.745220336550475704e+00 1.803876519451885097e+00
7.000000000000000000e+00 7.600000000000000000e+01 8.000000000000000000e+01 4.316948020796160357e+00 3.615078584206818487e+05 1.844203785015221086e+00 1.727610751462482774e+00
7.000000000000000000e+00 7.600000000000000000e+01 8.200000000000000000e+01 4.394216000900903474e+00 3.199517604351528571e+05 1.927146389040787833e+00 1.676816847794281529e+00
7.000000000000000000e+00 7.700000000000000000e+01 2.800000000000000000e+01 1.031970242297935103e+00 5.998539760918373941e+05 9.725797391011216320e+00 1.052363809679088380e+00
7.000000000000000000e+00 7.700000000000000000e+01 3.000000000000000000e+01 1.073976916209842258e+00 6.002326663579792948e+05 9.565284563752101121e+00 1.072667462751754952e+00
7.000000000000000000e+00 7.700000000000000000e+01 3.200000000000000000e+01 1.131513876161392540e+00 6.002189739753362956e+05 9.403142148909493514e+00 1.094632202251663688e+00
7.000000000000000000e+00 7.700000000000000000e+01 3.400000000000000000e+01 1.202542652081489916e+00 6.000125407886283938e+05 9.227448229735180973e+00 1.118224105953384395e+00
7.000000000000000000e+00 7.700000000000000000e+01 3.600000000000000000e+01 1.283442213410845190e+00 5.975556525570888771e+05 9.036759059212101874e+00 1.143979616345407679e+00
7.000000000000000000e+00 7.700000000000000000e+01 3.800000000000000000e+01 1.378215191536339201e+00 5.994022110610902309e+05 8.817596317748733981e+00 1.170263403492711962e+00
7.000000000000000000e+00 7.700000000000000000e+01 4.000000000000000000e+01 1.478683288643120708e+00 5.982346966102779843e+05 8.559386596276766568e+00 1.198210568978948398e+00
7.000000000000000000e+00 7.700000000000000000e+01 4.200000000000000000e+01 1.585202893311695505e+00 5.976423637665354181e+05 8.266729056847562873e+00 1.225626493895875191e+00
7.000000000000000000e+00 7.700000000000000000e+01 4.400000000000000000e+01 1.704151590063254229e+00 6.064379061132183997e+05 7.939978083335722303e+00 1.250283839178283340e+00
7.000000000000000000e+00 7.700000000000000000e+01 4.600000000000000000e+01 1.814080157744687449e+00 5.955960270762683358e+05 7.638148433567836015e+00 1.279193738066958685e+00
7.000000000000000000e+00 7.700000000000000000e+01 4.800000000000000000e+01 1.943508040292386774e+00 6.035899772460574750e+05 7.283011133241577895e+00 1.303744947512662344e+00
7.000000000000000000e+00 7.700000000000000000e+01 5.000000000000000000e+01 2.066109153783245667e+00 5.958264597147256136e+05 6.947112925907232395e+00 1.330842407758776158e+00
7.000000000000000000e+00 7.700000000000000000e+01 5.200000000000000000e+01 2.206576240721184856e+00 6.041140837109425338e+05 6.562936752739100932e+00 1.355499245764171468e+00
7.000000000000000000e+00 7.700000000000000000e+01 5.400000000000000000e+01 2.343148449158539481e+00 6.009618128525017528e+05 6.190689879759467829e+00 1.381484862271355807e+00
7.000000000000000000e+00 7.700000000000000000e+01 5.600000000000000000e+01 2.495119774879834829e+00 6.103106251339415321e+05 5.777972180662999335e+00 1.407110563575770135e+00
7.000000000000000000e+00 7.700000000000000000e+01 5.800000000000000000e+01 2.635515658222217006e+00 5.996645617170633050e+05 5.399482996179369998e+00 1.433666642807945424e+00
7.000000000000000000e+00 7.700000000000000000e+01 6.000000000000000000e+01 2.789155075767756564e+00 5.989877403194326907e+05 4.987960180175378788e+00 1.460813284178666960e+00
7.000000000000000000e+00 7.700000000000000000e+01 6.200000000000000000e+01 2.947978924329954786e+00 5.986650437400960363e+05 4.566450028998012556e+00 1.489500364971194646e+00
7.000000000000000000e+00 7.700000000000000000e+01 6.400000000000000000e+01 3.111752591192594064e+00 5.985533932944847038e+05 4.136628673707303250e+00 1.520831112955744580e+00
7.000000000000000000e+00 7.700000000000000000e+01 6.600000000000000000e+01 3.280486031832404059e+00 5.988503579243292334e+05 3.699577410421466261e+00 1.556664333518028798e+00
7.000000000000000000e+00 7.700000000000000000e+01 6.800000000000000000e+01 3.457629292141260358e+00 6.036356366831943160e+05 3.247101996218082043e+00 1.602056756389357517e+00
7.000000000000000000e+00 7.700000000000000000e+01 7.000000000000000000e+01 3.629592926142725773e+00 5.989543541621867334e+05 2.817208073555178771e+00 1.653453011936789618e+00
7.000000000000000000e+00 7.700000000000000000e+01 7.200000000000000000e+01 3.809933486041950257e+00 6.003188463757861173e+05 2.374288990515984743e+00 1.724356120745109244e+00
7.000000000000000000e+00 7.700000000000000000e+01 7.400000000000000000e+01 3.990543925797387370e+00 6.005735894697591430e+05 1.941330365093105081e+00 1.815311707516623629e+00
7.000000000000000000e+00 7.700000000000000000e+01 7.600000000000000000e+01 4.160216832190602787e+00 5.890856639397527324e+05 1.628110003108375281e+00 1.910849446510782590e+00
7.000000000000000000e+00 7.700000000000000000e+01 7.800000000000000000e+01 4.222842626860591864e+00 4.821034327381859766e+05 1.698895268871146058e+00 1.827314599298490494e+00
7.000000000000000000e+00 7.700000000000000000e+01 8.000000000000000000e+01 4.298820522894423846e+00 4.136607360119727673e+05 1.763556201905729148e+00 1.766486823953270058e+00
7.000000000000000000e+00 7.700000000000000000e+01 8.200000000000000000e+01 4.358888329600766554e+00 3.556377027261669864e+05 1.872734190032643964e+00 1.691986048521742170e+00
7.000000000000000000e+00 7.700000000000000000e+01 8.400000000000000000e+01 4.460983509381447831e+00 3.252754545618006960e+05 1.912766105140079942e+00 1.668165742720119749e+00
7.000000000000000000e+00 7.800000000000000000e+01 2.800000000000000000e+01 9.988859061385784166e-01 5.995717629649572773e+05 9.782220843801596288e+00 1.053598672316276019e+00
7.000000000000000000e+00 7.800000000000000000e+01 3.000000000000000000e+01 1.040801354293897640e+00 6.003060075158830732e+05 9.629185252034611509e+00 1.073740640975295424e+00
7.000000000000000000e+00 7.800000000000000000e+01 3.200000000000000000e+01 1.097472937552786743e+00 6.004709259179201908e+05 9.472529887886652844e+00 1.095516714694653615e+00
7.000000000000000000e+00 7.800000000000000000e+01 3.400000000000000000e+01 1.167822708846166790e+00 6.013521979572942946e+05 9.296552842589790089e+00 1.118573222198001815e+00
7.000000000000000000e+00 7.800000000000000000e+01 3.600000000000000000e+01 1.247130905453963878e+00 5.994396063611098798e+05 9.110715440799696196e+00 1.143982369874401162e+00
7.000000000000000000e+00 7.800000000000000000e+01 3.800000000000000000e+01 1.340008250190265704e+00 6.020080826462288387e+05 8.895746463817198801e+00 1.169734852227007904e+00
7.000000000000000000e+00 7.800000000000000000e+01 4.000000000000000000e+01 1.435536198474758995e+00 5.979619141525897430e+05 8.647665082302319561e+00 1.197865047581179843e+00
7.000000000000000000e+00 7.800000000000000000e+01 4.200000000000000000e+01 1.537794471058891776e+00 5.957660243715228280e+05 8.366715834836067955e+00 1.224981464378159357e+00
7.000000000000000000e+00 7.800000000000000000e+01 4.400000000000000000e+01 1.650411295832006520e+00 6.004114762163857231e+05 8.057360721096330280e+00 1.249827000981949876e+00
7.000000000000000000e+00 7.800000000000000000e+01 4.600000000000000000e+01 1.765262524833300928e+00 6.007855760787394829e+05 7.741998320153835600e+00 1.275344308940646876e+00
7.000000000000000000e+00 7.800000000000000000e+01 4.800000000000000000e+01 1.884688544412469691e+00 6.002929011116571492e+05 7.414328119726181221e+00 1.300658334940571814e+00
7.000000000000000000e+00 7.800000000000000000e+01 5.000000000000000000e+01 2.007805001262887856e+00 5.979409558059637202e+05 7.076987558120636734e+00 1.325830828899241753e+00
7.000000000000000000e+00 7.800000000000000000e+01 5.200000000000000000e+01 2.143769173571647979e+00 6.053484519987432286e+05 6.705132873314195940e+00 1.349472851107542004e+00
7.000000000000000000e+00 7.800000000000000000e+01 5.400000000000000000e+01 2.278798045417451235e+00 6.051166893930485239e+05 6.337047199307113132e+00 1.374123837946678028e+00
7.000000000000000000e+00 7.800000000000000000e+01 5.600000000000000000e+01 2.417517295052520776e+00 6.033274288360319333e+05 5.960568330026613459e+00 1.398814019413176624e+00
7.000000000000000000e+00 7.800000000000000000e+01 5.800000000000000000e+01 2.556406226536001469e+00 5.961186185269488487e+05 5.586013501021164451e+00 1.423495910455780500e+00
7.000000000000000000e+00 7.800000000000000000e+01 6.000000000000000000e+01 2.705892162341791973e+00 5.956755633937991224e+05 5.185588853144750487e+00 1.448442302711456575e+00
7.000000000000000000e+00 7.800000000000000000e+01 6.200000000000000000e+01 2.861907857117932608e+00 5.971239532173782354e+05 4.771379000742713927e+00 1.474587246972076215e+00
7.000000000000000000e+00 7.800000000000000000e+01 6.400000000000000000e+01 3.024825825994257755e+00 6.008617281612139195e+05 4.343400608047881306e+00 1.503149905152050270e+00
7.000000000000000000e+00 7.800000000000000000e+01 6.600000000000000000e+01 3.184863608813253144e+00 5.965585575913315406e+05 3.929389854066820842e+00 1.532824635227698407e+00
7.000000000000000000e+00 7.800000000000000000e+01 6.800000000000000000e+01 3.355842682551369638e+00 5.992477234384722542e+05 3.492816948253243847e+00 1.569178801523948286e+00
7.000000000000000000e+00 7.800000000000000000e+01 7.000000000000000000e+01 3.527670343125408614e+00 5.986369068489032798e+05 3.062269736866364500e+00 1.611962842583654076e+00
7.000000000000000000e+00 7.800000000000000000e+01 7.200000000000000000e+01 3.707756388075222453e+00 6.030425501016438939e+05 2.618850832067241896e+00 1.669499758544456647e+00
7.000000000000000000e+00 7.800000000000000000e+01 7.400000000000000000e+01 3.882677318766130981e+00 5.995749645976294996e+05 2.199767455543237382e+00 1.736675624083839908e+00
7.000000000000000000e+00 7.800000000000000000e+01 7.600000000000000000e+01 4.058739409223533379e+00 5.960468593149769586e+05 1.790781501278974508e+00 1.821062917373655665e+00
7.000000000000000000e+00 7.800000000000000000e+01 7.800000000000000000e+01 4.185606503735090911e+00 5.444735556303373305e+05 1.671464819419318015e+00 1.842482468098159298e+00
7.000000000000000000e+00 7.800000000000000000e+01 8.000000000000000000e+01 4.263115474333619481e+00 4.645340194391675177e+05 1.722707239982240290e+00 1.783984579002039439e+00
7.000000000000000000e+00 7.800000000000000000e+01 8.200000000000000000e+01 4.333324608592730165e+00 4.007154597794202273e+05 1.803897259324732216e+00 1.719685622291141414e+00
7.000000000000000000e+00 7.800000000000000000e+01 8.400000000000000000e+01 4.423227566363912011e+00 3.598648500996471266e+05 1.861222333180905242e+00 1.681816503460344503e+00
7.000000000000000000e+00 7.900000000000000000e+01 2.800000000000000000e+01 9.671027990268080687e-01 5.995250290446422296e+05 9.834390943476369884e+00 1.054781774064388555e+00
7.000000000000000000e+00 7.900000000000000000e+01 3.000000000000000000e+01 1.008704022889899132e+00 6.004227251765930559e+05 9.686765798705151198e+00 1.074907288858897969e+00
7.000000000000000000e+00 7.900000000000000000e+01 3.200000000000000000e+01 1.064599909174262837e+00 6.007072784490450285e+05 9.537236067630148639e+00 1.096547344553309156e+00
7.000000000000000000e+00 7.900000000000000000e+01 3.400000000000000000e+01 1.132178822095923687e+00 6.000794343995481031e+05 9.367962531540062088e+00 1.119879569712114220e+00
7.000000000000000000e+00 7.900000000000000000e+01 3.600000000000000000e+01 1.211060925371947983e+00 5.999728422550513642e+05 9.183072468224249718e+00 1.144529535069928716e+00
7.000000000000000000e+00 7.900000000000000000e+01 3.800000000000000000e+01 1.300629010727909707e+00 6.010826225284546381e+05 8.977512360772767153e+00 1.170329423104753408e+00
7.000000000000000000e+00 7.900000000000000000e+01 4.000000000000000000e+01 1.392995376735423063e+00 5.965890303370893234e+05 8.732857998769034680e+00 1.197974475502794345e+00
7.000000000000000000e+00 7.900000000000000000e+01 4.200000000000000000e+01 1.493907044149446195e+00 5.967105892287049210e+05 8.455607785817530697e+00 1.223725512205672716e+00
7.000000000000000000e+00 7.900000000000000000e+01 4.400000000000000000e+01 1.600273966691953431e+00 5.971231177434439305e+05 8.163423508259930017e+00 1.248925624588422156e+00
7.000000000000000000e+00 7.900000000000000000e+01 4.600000000000000000e+01 1.709847365934356711e+00 5.949311299014113611e+05 7.862556455269037237e+00 1.274153388436180423e+00
7.000000000000000000e+00 7.900000000000000000e+01 4.800000000000000000e+01 1.831728719538522787e+00 6.022440602720207535e+05 7.528126493394124985e+00 1.296975936056999013e+00
7.000000000000000000e+00 7.900000000000000000e+01 5.000000000000000000e+01 1.955626464799433251e+00 6.054238081551784417e+05 7.188615697472970467e+00 1.320430367576013619e+00
7.000000000000000000e+00 7.900000000000000000e+01 5.200000000000000000e+01 2.073796425912809216e+00 5.951119863543784013e+05 6.865587820398911134e+00 1.345447181752015497e+00
7.000000000000000000e+00 7.900000000000000000e+01 5.400000000000000000e+01 2.212390097276615286e+00 6.041043083588309819e+05 6.487632879935542718e+00 1.367764374730717769e+00
7.000000000000000000e+00 7.900000000000000000e+01 5.600000000000000000e+01 2.345894722907376106e+00 6.008553143409651238e+05 6.125340618694491646e+00 1.391248084482022973e+00
7.000000000000000000e+00 7.900000000000000000e+01 5.800000000000000000e+01 2.478908371853171921e+00 5.917310892653221963e+05 5.766707531444080104e+00 1.414494767071781789e+00
7.000000000000000000e+00 7.900000000000000000e+01 6.000000000000000000e+01 2.631514844782969931e+00 5.995347719969499158e+05 5.357475565039132803e+00 1.437953182223168813e+00
7.000000000000000000e+00 7.900000000000000000e+01 6.200000000000000000e+01 2.781935908686782977e+00 5.994427113717846805e+05 4.958220752916926877e+00 1.462001749046071053e+00
7.000000000000000000e+00 7.900000000000000000e+01 6.400000000000000000e+01 2.936398434860000961e+00 5.986805549691612832e+05 4.552845259354256768e+00 1.487054600030549123e+00
7.000000000000000000e+00 7.900000000000000000e+01 6.600000000000000000e+01 3.094970580219074563e+00 5.974840766235814663e+05 4.142198455671820767e+00 1.513854392088951561e+00
7.000000000000000000e+00 7.900000000000000000e+01 6.800000000000000000e+01 3.265669762303121004e+00 6.042644098021914251e+05 3.705621126398844112e+00 1.546237894885179820e+00
7.000000000000000000e+00 7.900000000000000000e+01 7.000000000000000000e+01 3.426347732440474747e+00 5.964423494518750813e+05 3.304290932676885895e+00 1.578452280558563015e+00
7.000000000000000000e+00 7.900000000000000000e+01 7.200000000000000000e+01 3.605083688698521804e+00 6.031388820382296108e+05 2.863326168127652949e+00 1.625293248009564095e+00
7.000000000000000000e+00 7.900000000000000000e+01 7.400000000000000000e+01 3.777887666324582838e+00 6.006772037921248702e+05 2.448548963151862434e+00 1.678190211078199212e+00
7.000000000000000000e+00 7.900000000000000000e+01 7.600000000000000000e+01 3.959142096456173210e+00 6.045300732808851171e+05 2.022315924950907284e+00 1.751822718158015046e+00
7.000000000000000000e+00 7.900000000000000000e+01 7.800000000000000000e+01 4.130998055357995469e+00 5.978422262975282501e+05 1.695041856544523551e+00 1.830600307707270114e+00
7.000000000000000000e+00 7.900000000000000000e+01 8.000000000000000000e+01 4.242183825901500782e+00 5.349498655937205767e+05 1.657511038480099286e+00 1.824065570659105351e+00
7.000000000000000000e+00 7.900000000000000000e+01 8.200000000000000000e+01 4.297692995361943602e+00 4.475899391822012258e+05 1.757483321688539490e+00 1.737652771451890787e+00
7.000000000000000000e+00 7.900000000000000000e+01 8.400000000000000000e+01 4.372824912787598883e+00 3.931561557425473584e+05 1.834458604355577505e+00 1.683930205619122100e+00
7.000000000000000000e+00 7.900000000000000000e+01 8.600000000000000000e+01 4.478838545044382613e+00 3.616567212076305877e+05 1.863925048332903289e+00 1.663419813108244272e+00
7.000000000000000000e+00 8.000000000000000000e+01 2.800000000000000000e+01 9.365527766874407467e-01 5.994104231336901430e+05 9.885486521425463025e+00 1.056120363582077060e+00
7.000000000000000000e+00 8.000000000000000000e+01 3.000000000000000000e+01 9.776815777862779555e-01 6.004435472164273961e+05 9.740841229082944253e+00 1.076155417084716959e+00
7.000000000000000000e+00 8.000000000000000000e+01 3.200000000000000000e+01 1.032856272022410815e+00 6.009801888419606257e+05 9.594724087967920312e+00 1.097715736765568106e+00
7.000000000000000000e+00 8.000000000000000000e+01 3.400000000000000000e+01 1.098866927005513805e+00 6.002041542594517814e+05 9.431561976746102971e+00 1.120980480487138609e+00
7.000000000000000000e+00 8.000000000000000000e+01 3.600000000000000000e+01 1.178018169151140881e+00 6.030288506893720478e+05 9.244805073244281246e+00 1.144550777166970734e+00
7.000000000000000000e+00 8.000000000000000000e+01 3.800000000000000000e+01 1.266721333394692062e+00 6.063241953870181460e+05 9.038973292327021625e+00 1.169285485185426410e+00
7.000000000000000000e+00 8.000000000000000000e+01 4.000000000000000000e+01 1.356910897288294615e+00 6.024987319555698195e+05 8.798911926747186030e+00 1.196253981656087317e+00
7.000000000000000000e+00 8.000000000000000000e+01 4.200000000000000000e+01 1.456286220159689337e+00 6.044331154511435889e+05 8.525882317490856011e+00 1.221008266343663440e+00
7.000000000000000000e+00 8.000000000000000000e+01 4.400000000000000000e+01 1.551871075158385516e+00 5.940920222425456159e+05 8.263322755682136034e+00 1.248314709734048567e+00
7.000000000000000000e+00 8.000000000000000000e+01 4.600000000000000000e+01 1.664484806899867886e+00 6.002697036252603866e+05 7.954095663711180819e+00 1.270911870585872183e+00
7.000000000000000000e+00 8.000000000000000000e+01 4.800000000000000000e+01 1.781925097280283143e+00 6.060530788967224071e+05 7.631855793208424110e+00 1.293334469570428746e+00
7.000000000000000000e+00 8.000000000000000000e+01 5.000000000000000000e+01 1.895712103499061163e+00 6.005933588758321712e+05 7.320096262328857684e+00 1.317458064136956208e+00
7.000000000000000000e+00 8.000000000000000000e+01 5.200000000000000000e+01 2.015868149136415877e+00 5.973567932077083969e+05 6.991568508702496132e+00 1.340513043841529361e+00
7.000000000000000000e+00 8.000000000000000000e+01 5.400000000000000000e+01 2.149616549017908440e+00 6.049397232775753364e+05 6.626844452215157055e+00 1.361982088145158531e+00
7.000000000000000000e+00 8.000000000000000000e+01 5.600000000000000000e+01 2.282462829355731859e+00 6.054620487978678429e+05 6.266246366837015636e+00 1.384183177650044838e+00
7.000000000000000000e+00 8.000000000000000000e+01 5.800000000000000000e+01 2.418214683003804932e+00 6.038468992921680911e+05 5.899948663750838485e+00 1.406393760927683978e+00
7.000000000000000000e+00 8.000000000000000000e+01 6.000000000000000000e+01 2.553101672606438388e+00 5.961286478897753404e+05 5.539011876202973639e+00 1.428389307030833777e+00
7.000000000000000000e+00 8.000000000000000000e+01 6.200000000000000000e+01 2.706023058775454793e+00 6.033817166271213209e+05 5.132572194223707918e+00 1.451146730553687147e+00
7.000000000000000000e+00 8.000000000000000000e+01 6.400000000000000000e+01 2.851736415743137965e+00 5.977512086576153524e+05 4.750623753135547744e+00 1.473624187904986726e+00
7.000000000000000000e+00 8.000000000000000000e+01 6.600000000000000000e+01 3.010382788871546200e+00 6.011052541458442574e+05 4.339178908453685146e+00 1.498428721499698968e+00
7.000000000000000000e+00 8.000000000000000000e+01 6.800000000000000000e+01 3.173603800259834351e+00 6.045114025649103569e+05 3.922160731000703837e+00 1.525859614825943122e+00
7.000000000000000000e+00 8.000000000000000000e+01 7.000000000000000000e+01 3.338004680325843854e+00 6.047138573368627112e+05 3.509849840777178986e+00 1.556058651679685267e+00
7.000000000000000000e+00 8.000000000000000000e+01 7.200000000000000000e+01 3.501581214821427590e+00 6.001817819868333172e+05 3.108635857410445347e+00 1.589172853254781970e+00
7.000000000000000000e+00 8.000000000000000000e+01 7.400000000000000000e+01 3.676109803064322890e+00 6.029641402067749295e+05 2.687871279019217408e+00 1.633824877140653165e+00
7.000000000000000000e+00 8.000000000000000000e+01 7.600000000000000000e+01 3.844227175040238365e+00 5.966813590053998632e+05 2.295091409565024332e+00 1.682189773931544341e+00
7.000000000000000000e+00 8.000000000000000000e+01 7.800000000000000000e+01 4.021588955469431959e+00 5.973157533679154003e+05 1.890201056384667844e+00 1.749495045166439278e+00
7.000000000000000000e+00 8.000000000000000000e+01 8.000000000000000000e+01 4.199852305588514412e+00 5.979856715183738852e+05 1.640916824370962424e+00 1.833241010282095296e+00
7.000000000000000000e+00 8.000000000000000000e+01 8.200000000000000000e+01 4.271862955411059204e+00 5.078585377748826286e+05 1.700379192330794931e+00 1.768583818434615207e+00
7.000000000000000000e+00 8.000000000000000000e+01 8.400000000000000000e+01 4.342258770986592076e+00 4.396988446953741368e+05 1.777470718587742082e+00 1.707110784509106471e+00
7.000000000000000000e+00 8.000000000000000000e+01 8.600000000000000000e+01 4.446014157080885099e+00 4.017512429758957005e+05 1.806060840534249534e+00 1.683863877971705669e+00
