7.000000000000000000e+00 4.400000000000000000e+01 3.200000000000000000e+01 3.076013926159886225e+00 4.241613472666576272e+05 4.411563591727927225e+00 1.336297235374925174e+00
7.000000000000000000e+00 4.400000000000000000e+01 3.422222222222222143e+01 3.456909126192111437e+00 5.647308515800853493e+05 3.403817430869833682e+00 1.516770423388159150e+00
7.000000000000000000e+00 4.400000000000000000e+01 3.644444444444444287e+01 3.740041733305683014e+00 5.925093105694372207e+05 2.683804384731348414e+00 1.914517823309419553e+00
7.000000000000000000e+00 4.400000000000000000e+01 3.866666666666666430e+01 3.993060743410621338e+00 6.081152655572330114e+05 1.988609979413339612e+00 2.667956807789262808e+00
7.000000000000000000e+00 4.400000000000000000e+01 4.088888888888888573e+01 4.065775515755246872e+00 3.384585996304992004e+05 1.788894030943546154e+00 3.439837666921764292e+00
7.000000000000000000e+00 4.400000000000000000e+01 4.311111111111111427e+01 3.991204347564242916e+00 1.360940148499629577e+05 1.993994587289990239e+00 3.451589611142060754e+00
7.000000000000000000e+00 4.400000000000000000e+01 4.533333333333333570e+01 4.008590697038180828e+00 9.484843168794440862e+04 2.274160140219668058e+00 3.582284216455706716e+00
7.000000000000000000e+00 4.400000000000000000e+01 4.755555555555555713e+01 4.025269423145489966e+00 7.145138652286241995e+04 2.610172050731997651e+00 3.602652441779320203e+00
7.000000000000000000e+00 4.400000000000000000e+01 4.977777777777777857e+01 4.025743240762960085e+00 5.375850122983799520e+04 2.978534654320727171e+00 3.427972736937436871e+00
7.000000000000000000e+00 4.400000000000000000e+01 5.200000000000000000e+01 4.036070461374827723e+00 4.288990159454587410e+04 3.316341664871464534e+00 3.225610512650014527e+00
7.000000000000000000e+00 4.500000000000000000e+01 3.300000000000000000e+01 3.119821956154805953e+00 4.669039586497684941e+05 4.294855907668096329e+00 1.350513472719651720e+00
7.000000000000000000e+00 4.500000000000000000e+01 3.522222222222222143e+01 3.479426697265542767e+00 5.984123064634801121e+05 3.356586286696046528e+00 1.540011613630123177e+00
7.000000000000000000e+00 4.500000000000000000e+01 3.744444444444444287e+01 3.740410640882034343e+00 5.926220780357427429e+05 2.682487546999186012e+00 1.934304733130626230e+00
7.000000000000000000e+00 4.500000000000000000e+01 3.966666666666666430e+01 3.991562819542896268e+00 6.076804618887314573e+05 1.992423615491025313e+00 2.668389661364821919e+00
7.000000000000000000e+00 4.500000000000000000e+01 4.188888888888888573e+01 4.050559743475512064e+00 3.220418865803963854e+05 1.830431293469954257e+00 3.347780722546636500e+00
7.000000000000000000e+00 4.500000000000000000e+01 4.411111111111111427e+01 4.006843476771743795e+00 1.471062782423183671e+05 1.950831154932209266e+00 3.406864080287014929e+00
7.000000000000000000e+00 4.500000000000000000e+01 4.633333333333333570e+01 4.008248517636893382e+00 9.691220730584653211e+04 2.268977274094208241e+00 3.422366623419414999e+00
7.000000000000000000e+00 4.500000000000000000e+01 4.855555555555555713e+01 4.024968690545460248e+00 7.271320518417238782e+04 2.597398133365589334e+00 3.408719179211983086e+00
7.000000000000000000e+00 4.500000000000000000e+01 5.077777777777777857e+01 4.035461555678574896e+00 5.613236714189705526e+04 2.940231316547369023e+00 3.267537144096337443e+00
7.000000000000000000e+00 4.500000000000000000e+01 5.300000000000000000e+01 4.035800904727908645e+00 4.393676284752197535e+04 3.288989300630430268e+00 2.993086930478887187e+00
7.000000000000000000e+00 4.600000000000000000e+01 3.400000000000000000e+01 3.156133939104508901e+00 5.060734740808965289e+05 4.203290700595371909e+00 1.365548740874993783e+00
7.000000000000000000e+00 4.600000000000000000e+01 3.622222222222222143e+01 3.481043009657977638e+00 5.978620190413246164e+05 3.380908474404275221e+00 1.561043664183977331e+00
7.000000000000000000e+00 4.600000000000000000e+01 3.844444444444444287e+01 3.748741590669713020e+00 6.089618630702174269e+05 2.659223566633085678e+00 1.956416522801536884e+00
7.000000000000000000e+00 4.600000000000000000e+01 4.066666666666666430e+01 3.989871694731643270e+00 6.070558317819795338e+05 1.996710690102216912e+00 2.665046170404769210e+00
7.000000000000000000e+00 4.600000000000000000e+01 4.288888888888888573e+01 4.047608991335041928e+00 3.235477576850298210e+05 1.838229874071687364e+00 3.280671014444226152e+00
7.000000000000000000e+00 4.600000000000000000e+01 4.511111111111111427e+01 4.006432377922459764e+00 1.507355317116189108e+05 1.951774866777049811e+00 3.290348139190325760e+00
7.000000000000000000e+00 4.600000000000000000e+01 4.733333333333333570e+01 4.023857482102231486e+00 1.038398135552011372e+05 2.232140104539120706e+00 3.349624348516748729e+00
7.000000000000000000e+00 4.600000000000000000e+01 4.955555555555555713e+01 4.024650508210863009e+00 7.430103401566257526e+04 2.585368187987585387e+00 3.221118250846906950e+00
7.000000000000000000e+00 4.600000000000000000e+01 5.177777777777777857e+01 4.035162865127781551e+00 5.745198695142874203e+04 2.920534650659802889e+00 3.058216754135302029e+00
7.000000000000000000e+00 4.600000000000000000e+01 5.400000000000000000e+01 4.048879812449266424e+00 4.634930733245215379e+04 3.240057731234127658e+00 2.849614320794732869e+00
7.000000000000000000e+00 4.700000000000000000e+01 3.500000000000000000e+01 3.196686942484811667e+00 5.545504500611050753e+05 4.096273497860117629e+00 1.380633324389840988e+00
7.000000000000000000e+00 4.700000000000000000e+01 3.722222222222222143e+01 3.483115930090411982e+00 5.979528004547598539e+05 3.386881061851800823e+00 1.581228530552653888e+00
7.000000000000000000e+00 4.700000000000000000e+01 3.944444444444444287e+01 3.747419493951681169e+00 6.061111664098080946e+05 2.662391494924714941e+00 1.970697730054536523e+00
7.000000000000000000e+00 4.700000000000000000e+01 4.166666666666666430e+01 3.988053538636035622e+00 6.064980380803686567e+05 2.001267628783855557e+00 2.657653992021306255e+00
7.000000000000000000e+00 4.700000000000000000e+01 4.388888888888888573e+01 4.057011635642232328e+00 3.420237064560961444e+05 1.812033440442632592e+00 3.245805141514601644e+00
7.000000000000000000e+00 4.700000000000000000e+01 4.611111111111111427e+01 4.006002066164582764e+00 1.546127616308349243e+05 1.954194928808860476e+00 3.176322426036706226e+00
7.000000000000000000e+00 4.700000000000000000e+01 4.833333333333333570e+01 4.023490515580007809e+00 1.063243601490010042e+05 2.228302316867793564e+00 3.197569075233264613e+00
7.000000000000000000e+00 4.700000000000000000e+01 5.055555555555555713e+01 4.034314366824903964e+00 7.801091798558591108e+04 2.554533083414500361e+00 3.095490803018551063e+00
7.000000000000000000e+00 4.700000000000000000e+01 5.277777777777777857e+01 4.034847195680336007e+00 5.910177803678902274e+04 2.901703415212689041e+00 2.862625607891377211e+00
7.000000000000000000e+00 4.700000000000000000e+01 5.500000000000000000e+01 4.048587151674326812e+00 4.791616978177196870e+04 3.214299363159798251e+00 2.649719811585861784e+00
7.000000000000000000e+00 4.800000000000000000e+01 3.600000000000000000e+01 3.232439158345774111e+00 6.018247662718698848e+05 4.004471749361755428e+00 1.396200300801414773e+00
7.000000000000000000e+00 4.800000000000000000e+01 3.822222222222222143e+01 3.485179265058434783e+00 5.981082772202308988e+05 3.382333387809900671e+00 1.600331227944666646e+00
7.000000000000000000e+00 4.800000000000000000e+01 4.044444444444444287e+01 3.746146036916107036e+00 6.036433775435849093e+05 2.665302164895113179e+00 1.982624456977445604e+00
7.000000000000000000e+00 4.800000000000000000e+01 4.266666666666666430e+01 3.986122833324888592e+00 6.059783645235814620e+05 2.006030532974045322e+00 2.646482712808901461e+00
7.000000000000000000e+00 4.800000000000000000e+01 4.488888888888888573e+01 4.056450739513209669e+00 3.470703709074893850e+05 1.813150382773134783e+00 3.183966267328854460e+00
7.000000000000000000e+00 4.800000000000000000e+01 4.711111111111111427e+01 4.021644445602685636e+00 1.666071119830459647e+05 1.917437946291832063e+00 3.137948278085885612e+00
7.000000000000000000e+00 4.800000000000000000e+01 4.933333333333333570e+01 4.023103921531120619e+00 1.091454311868355871e+05 2.224543394089636195e+00 3.051255916061909712e+00
7.000000000000000000e+00 4.800000000000000000e+01 5.155555555555555713e+01 4.033959393436790997e+00 8.017742751542160113e+04 2.543418988580039120e+00 2.924012243359601193e+00
7.000000000000000000e+00 4.800000000000000000e+01 5.377777777777777857e+01 4.034513271805903578e+00 6.108272516379165609e+04 2.883798445028256996e+00 2.682579769156399063e+00
7.000000000000000000e+00 4.800000000000000000e+01 5.600000000000000000e+01 4.061661863003464212e+00 5.075299291514897777e+04 3.167324424417425011e+00 2.530523945535081864e+00
7.000000000000000000e+00 4.900000000000000000e+01 3.700000000000000000e+01 3.236479965394511105e+00 6.048493532127660001e+05 4.023412778029930692e+00 1.413862003844612136e+00
7.000000000000000000e+00 4.900000000000000000e+01 3.922222222222222143e+01 3.487113348208877195e+00 5.982568516314929584e+05 3.376252062380095786e+00 1.618064741118286021e+00
7.000000000000000000e+00 4.900000000000000000e+01 4.144444444444444287e+01 3.745806386655837983e+00 6.033978906389632029e+05 2.665490033976124273e+00 1.992609109800253631e+00
7.000000000000000000e+00 4.900000000000000000e+01 4.366666666666666430e+01 3.984079493121759796e+00 6.055298890668152599e+05 2.010973624350486766e+00 2.631866984196474135e+00
7.000000000000000000e+00 4.900000000000000000e+01 4.588888888888888573e+01 4.045923044016937808e+00 3.390113560263550607e+05 1.841572765508852960e+00 3.092230783529034355e+00
7.000000000000000000e+00 4.900000000000000000e+01 4.811111111111111427e+01 4.021189898475637570e+00 1.709195296195108094e+05 1.920872004478156869e+00 3.029546965766101163e+00
7.000000000000000000e+00 4.900000000000000000e+01 5.033333333333333570e+01 4.032697122733759798e+00 1.150674406489034445e+05 2.200884244834817594e+00 2.960309002853164007e+00
7.000000000000000000e+00 4.900000000000000000e+01 5.255555555555555713e+01 4.033584889047800104e+00 8.269311007374101609e+04 2.532969735540761214e+00 2.763988705992764139e+00
7.000000000000000000e+00 4.900000000000000000e+01 5.477777777777777857e+01 4.047579162451575563e+00 6.477333531353407307e+04 2.842469863079383874e+00 2.579642417596864412e+00
7.000000000000000000e+00 4.900000000000000000e+01 5.700000000000000000e+01 4.061347107726215100e+00 5.285999803520579735e+04 3.144175887742745257e+00 2.365933637517316779e+00
7.000000000000000000e+00 5.000000000000000000e+01 3.800000000000000000e+01 3.240712281504416481e+00 6.060455374004340265e+05 4.039646375492237595e+00 1.432140787626164924e+00
7.000000000000000000e+00 5.000000000000000000e+01 4.022222222222222143e+01 3.487780436957264918e+00 5.965336341750664869e+05 3.373441512448055679e+00 1.634096932786073042e+00
7.000000000000000000e+00 5.000000000000000000e+01 4.244444444444444287e+01 3.745532438277913378e+00 6.037220860285604140e+05 2.665304363770932383e+00 2.000029683181185902e+00
7.000000000000000000e+00 5.000000000000000000e+01 4.466666666666666430e+01 3.981894900720464925e+00 6.050628084446666762e+05 2.016148225716227316e+00 2.614216792615863927e+00
7.000000000000000000e+00 5.000000000000000000e+01 4.688888888888888573e+01 4.045423736626512223e+00 3.447130160634648055e+05 1.842343864808160259e+00 3.028809482970947986e+00
7.000000000000000000e+00 5.000000000000000000e+01 4.911111111111111427e+01 4.020714844229631879e+00 1.755421049676683324e+05 1.923538715953701184e+00 2.924675895120669278e+00
7.000000000000000000e+00 5.000000000000000000e+01 5.133333333333333570e+01 4.032270728380984437e+00 1.184945063446611457e+05 2.197006629267495903e+00 2.826410864715534377e+00
7.000000000000000000e+00 5.000000000000000000e+01 5.355555555555555713e+01 4.033191720054990270e+00 8.556651153913380404e+04 2.522864663273280961e+00 2.615706395022290742e+00
7.000000000000000000e+00 5.000000000000000000e+01 5.577777777777777857e+01 4.047221280822210332e+00 6.732956815449101850e+04 2.825576288016520721e+00 2.427447558562069840e+00
7.000000000000000000e+00 5.000000000000000000e+01 5.800000000000000000e+01 4.079422001115453611e+00 5.650922400974282937e+04 3.089746775864464112e+00 2.289512971119280316e+00
7.000000000000000000e+00 5.100000000000000000e+01 3.900000000000000000e+01 3.244980230040117153e+00 6.073367485889830859e+05 4.037907880743351718e+00 1.449710486770190210e+00
7.000000000000000000e+00 5.100000000000000000e+01 4.122222222222222143e+01 3.488873055933035872e+00 5.958858613355560228e+05 3.369205884408838170e+00 1.648635124238581495e+00
7.000000000000000000e+00 5.100000000000000000e+01 4.344444444444444287e+01 3.744931580741175825e+00 6.039479531367729651e+05 2.665785530752621035e+00 2.004341020355937530e+00
7.000000000000000000e+00 5.100000000000000000e+01 4.566666666666666430e+01 3.979493996429609659e+00 6.044776788149122149e+05 2.021732707414087837e+00 2.593715246261337093e+00
7.000000000000000000e+00 5.100000000000000000e+01 4.788888888888888573e+01 4.044946889790893785e+00 3.507095962452909444e+05 1.842943109607550145e+00 2.965457130569171262e+00
7.000000000000000000e+00 5.100000000000000000e+01 5.011111111111111427e+01 4.020218335153117550e+00 1.805083887427112786e+05 1.926590667391620881e+00 2.823864408931751502e+00
7.000000000000000000e+00 5.100000000000000000e+01 5.233333333333333570e+01 4.031822737590005978e+00 1.222832015502432332e+05 2.194608852050139447e+00 2.700588408102539528e+00
7.000000000000000000e+00 5.100000000000000000e+01 5.455555555555555713e+01 4.046259776279654830e+00 9.091475406410520372e+04 2.487171717072233612e+00 2.537427959970912639e+00
7.000000000000000000e+00 5.100000000000000000e+01 5.677777777777777857e+01 4.060288199044039814e+00 7.153989353592501720e+04 2.785483093545277011e+00 2.343200643886299783e+00
7.000000000000000000e+00 5.100000000000000000e+01 5.900000000000000000e+01 4.097504750251058425e+00 6.041678921332120808e+04 3.035732963732050926e+00 2.219663500767252717e+00
7.000000000000000000e+00 5.200000000000000000e+01 4.000000000000000000e+01 3.239271411764659714e+00 5.932631330961451167e+05 4.053428927569262541e+00 1.466421596078768319e+00
7.000000000000000000e+00 5.200000000000000000e+01 4.222222222222222143e+01 3.489766648253180836e+00 5.952530231992141344e+05 3.365213505381841941e+00 1.660887770881412928e+00
7.000000000000000000e+00 5.200000000000000000e+01 4.444444444444444287e+01 3.744027960723039339e+00 6.041013665505398531e+05 2.666827382957792203e+00 2.005704031272048660e+00
7.000000000000000000e+00 5.200000000000000000e+01 4.666666666666666430e+01 3.976838274916541849e+00 6.037340210282723419e+05 2.027805240494571670e+00 2.570511823912464244e+00
7.000000000000000000e+00 5.200000000000000000e+01 4.888888888888888573e+01 4.044487590964537915e+00 3.570215650693366188e+05 1.843370720454502232e+00 2.902533973047189964e+00
7.000000000000000000e+00 5.200000000000000000e+01 5.111111111111111427e+01 4.029699820437953939e+00 1.907538990234246885e+05 1.905163644574249915e+00 2.769189753305582258e+00
7.000000000000000000e+00 5.200000000000000000e+01 5.333333333333333570e+01 4.031354645489397370e+00 1.264629047435044631e+05 2.191831654125728335e+00 2.583259565373123845e+00
7.000000000000000000e+00 5.200000000000000000e+01 5.555555555555555713e+01 4.045841808294362352e+00 9.442989184419038065e+04 2.477946913859362610e+00 2.410533479759096487e+00
7.000000000000000000e+00 5.200000000000000000e+01 5.777777777777777857e+01 4.059908042103113068e+00 7.470093786729083513e+04 2.770332649520283574e+00 2.218638210328749860e+00
7.000000000000000000e+00 5.200000000000000000e+01 6.000000000000000000e+01 4.107167006010038257e+00 6.399064857420845510e+04 2.998007555756554865e+00 2.128689465474160603e+00
7.000000000000000000e+00 5.300000000000000000e+01 4.100000000000000000e+01 3.243074521793866793e+00 5.941960543969511054e+05 4.041034541885456299e+00 1.481327920923314778e+00
7.000000000000000000e+00 5.300000000000000000e+01 4.322222222222222143e+01 3.490372411026446908e+00 5.946578396905626869e+05 3.361658599904348677e+00 1.671210709447624732e+00
7.000000000000000000e+00 5.300000000000000000e+01 4.544444444444444287e+01 3.742892823816575287e+00 6.042994139298606897e+05 2.668194088804781483e+00 2.005160323647070086e+00
7.000000000000000000e+00 5.300000000000000000e+01 4.766666666666666430e+01 3.973896785392212472e+00 6.029370721195108490e+05 2.034424327051443715e+00 2.544488961362489476e+00
7.000000000000000000e+00 5.300000000000000000e+01 4.988888888888888573e+01 4.044038439683256492e+00 3.636821029183029896e+05 1.843635472156062161e+00 2.840438661066847281e+00
7.000000000000000000e+00 5.300000000000000000e+01 5.211111111111111427e+01 4.029159122800626491e+00 1.963591661679882964e+05 1.907853013027337674e+00 2.676538647539737692e+00
7.000000000000000000e+00 5.300000000000000000e+01 5.433333333333333570e+01 4.044441598486136158e+00 1.346001408135617094e+05 2.160290525050244437e+00 2.529495970847134512e+00
7.000000000000000000e+00 5.300000000000000000e+01 5.655555555555555713e+01 4.045403381168027224e+00 9.831327475864186999e+04 2.469136894784476510e+00 2.295959647317912466e+00
7.000000000000000000e+00 5.300000000000000000e+01 5.877777777777777857e+01 4.077980898089872852e+00 7.999565533265382692e+04 2.722278537457071934e+00 2.168201660943304354e+00
7.000000000000000000e+00 5.300000000000000000e+01 6.100000000000000000e+01 4.116814324174713491e+00 6.783854636477453460e+04 2.960917983332321590e+00 2.048499622467693015e+00
7.000000000000000000e+00 5.400000000000000000e+01 4.200000000000000000e+01 3.246879886980622576e+00 5.955039226661000866e+05 4.028201622218049671e+00 1.495165950471173399e+00
7.000000000000000000e+00 5.400000000000000000e+01 4.422222222222222143e+01 3.490724836290635125e+00 5.940114902593465522e+05 3.358395899589146083e+00 1.680135621017656566e+00
7.000000000000000000e+00 5.400000000000000000e+01 4.644444444444444287e+01 3.741410616310125725e+00 6.042789948855449911e+05 2.670163949317537089e+00 2.002618061344142664e+00
7.000000000000000000e+00 5.400000000000000000e+01 4.866666666666666430e+01 3.970688337824846315e+00 6.022237482668025186e+05 2.041513668247109337e+00 2.515826599493011795e+00
7.000000000000000000e+00 5.400000000000000000e+01 5.088888888888888573e+01 4.053591424726897152e+00 3.836868709162981831e+05 1.816283189746571436e+00 2.810740977384705186e+00
7.000000000000000000e+00 5.400000000000000000e+01 5.311111111111111427e+01 4.028594258377473203e+00 2.023839184753163136e+05 1.910944603390631213e+00 2.588763145370989172e+00
7.000000000000000000e+00 5.400000000000000000e+01 5.533333333333333570e+01 4.057544557815322861e+00 1.432484795858940925e+05 2.129972033612314686e+00 2.479560396549786105e+00
7.000000000000000000e+00 5.400000000000000000e+01 5.755555555555555713e+01 4.058474799809014044e+00 1.046339514161879051e+05 2.434486444325942411e+00 2.239559212022030010e+00
7.000000000000000000e+00 5.400000000000000000e+01 5.977777777777777857e+01 4.096066356055655611e+00 8.565151476966841437e+04 2.673761980817427553e+00 2.122435280742250630e+00
7.000000000000000000e+00 5.400000000000000000e+01 6.200000000000000000e+01 4.140859305363032483e+00 7.303127862837995053e+04 2.898610150884358916e+00 2.016374989012279517e+00
7.000000000000000000e+00 5.500000000000000000e+01 4.300000000000000000e+01 3.250294703208208347e+00 5.967302961913720937e+05 4.015950904998901727e+00 1.507961475490566583e+00
7.000000000000000000e+00 5.500000000000000000e+01 4.522222222222222143e+01 3.490889099787898076e+00 5.936541047493440565e+05 3.355196433472552808e+00 1.687314674669821768e+00
7.000000000000000000e+00 5.500000000000000000e+01 4.744444444444444287e+01 3.739511519235044545e+00 6.040856808854991104e+05 2.672891539721770737e+00 1.997840629148351255e+00
7.000000000000000000e+00 5.500000000000000000e+01 4.966666666666666430e+01 3.967219257950801659e+00 6.016246432568699820e+05 2.049033960143942679e+00 2.484880702918933704e+00
7.000000000000000000e+00 5.500000000000000000e+01 5.188888888888888573e+01 4.043147205194006055e+00 3.781567579015659867e+05 1.843705620015964941e+00 2.719156569031432102e+00
7.000000000000000000e+00 5.500000000000000000e+01 5.411111111111111427e+01 4.041743028452113862e+00 2.157724680748969549e+05 1.880194027769537923e+00 2.557892032488692902e+00
7.000000000000000000e+00 5.500000000000000000e+01 5.633333333333333570e+01 4.057050092318583268e+00 1.484828965111248253e+05 2.127148354348892045e+00 2.382143350178824726e+00
7.000000000000000000e+00 5.500000000000000000e+01 5.855555555555555713e+01 4.076561975300645457e+00 1.121660642058957892e+05 2.390648510247559422e+00 2.204169393532097398e+00
7.000000000000000000e+00 5.500000000000000000e+01 6.077777777777777857e+01 4.105664572240818266e+00 9.075799244718960836e+04 2.642166983484592446e+00 2.056275084789046748e+00
7.000000000000000000e+00 5.500000000000000000e+01 6.300000000000000000e+01 4.157727025201706894e+00 7.802459766554839734e+04 2.849444032245020964e+00 1.968842274952905980e+00
7.000000000000000000e+00 5.600000000000000000e+01 4.400000000000000000e+01 3.253031568276183894e+00 5.974285069516751682e+05 4.005013926299602289e+00 1.519617670542915855e+00
7.000000000000000000e+00 5.600000000000000000e+01 4.622222222222222143e+01 3.490822519143699232e+00 5.935904768876703456e+05 3.352129537370460710e+00 1.693120756138327687e+00
7.000000000000000000e+00 5.600000000000000000e+01 4.844444444444444287e+01 3.737150606527940067e+00 6.037128362397925230e+05 2.676466029403578695e+00 1.990552420027267067e+00
7.000000000000000000e+00 5.600000000000000000e+01 5.066666666666666430e+01 3.963515493886468288e+00 6.011500904898543376e+05 2.056895355770549827e+00 2.451719826945929270e+00
7.000000000000000000e+00 5.600000000000000000e+01 5.288888888888888573e+01 4.052733896244651746e+00 3.987568929501796374e+05 1.815963795033838091e+00 2.691697725121026341e+00
7.000000000000000000e+00 5.600000000000000000e+01 5.511111111111111427e+01 4.041155800920066099e+00 2.225096773786263075e+05 1.883320288150917898e+00 2.477848832755989772e+00
7.000000000000000000e+00 5.600000000000000000e+01 5.733333333333333570e+01 4.056533833938268607e+00 1.541268900226589758e+05 2.125225237278264068e+00 2.292555829368042808e+00
7.000000000000000000e+00 5.600000000000000000e+01 5.955555555555555713e+01 4.076100041665705831e+00 1.170527473785453622e+05 2.382768130147577157e+00 2.114388740421222934e+00
7.000000000000000000e+00 5.600000000000000000e+01 6.177777777777777857e+01 4.115244990155197513e+00 9.620299277844365861e+04 2.611175530694300750e+00 1.996771509412292422e+00
7.000000000000000000e+00 5.600000000000000000e+01 6.400000000000000000e+01 4.174609729197209518e+00 8.335483150846736680e+04 2.801192493363882541e+00 1.926019977791246562e+00
7.000000000000000000e+00 5.700000000000000000e+01 4.500000000000000000e+01 3.255589194955439414e+00 5.983335825470988639e+05 3.993964000332963060e+00 1.530112307633577862e+00
7.000000000000000000e+00 5.700000000000000000e+01 4.722222222222222143e+01 3.490400870690716140e+00 5.936079378529802198e+05 3.349491795239801117e+00 1.697181430996877793e+00
7.000000000000000000e+00 5.700000000000000000e+01 4.944444444444444287e+01 3.734355859099431907e+00 6.033246458459827118e+05 2.680780224043938897e+00 1.980834677666817756e+00
7.000000000000000000e+00 5.700000000000000000e+01 5.166666666666666430e+01 3.959561346866541154e+00 6.007952207942808745e+05 2.065126304887957787e+00 2.416915707231849009e+00
7.000000000000000000e+00 5.700000000000000000e+01 5.388888888888888573e+01 4.051284644729316931e+00 4.055762153926055180e+05 1.818373515530370632e+00 2.630810130383331558e+00
7.000000000000000000e+00 5.700000000000000000e+01 5.611111111111111427e+01 4.040545119646296257e+00 2.296642959406537702e+05 1.886320761103982502e+00 2.402755530812610729e+00
7.000000000000000000e+00 5.700000000000000000e+01 5.833333333333333570e+01 4.055996754996185061e+00 1.601777851272659027e+05 2.123388385750021978e+00 2.211200790146987671e+00
7.000000000000000000e+00 5.700000000000000000e+01 6.055555555555555713e+01 4.075619154638649988e+00 1.223236219036483526e+05 2.375190491896792544e+00 2.034808243784097748e+00
7.000000000000000000e+00 5.700000000000000000e+01 6.277777777777777857e+01 4.127095528800126090e+00 1.022456695110902947e+05 2.575796424308879562e+00 1.949270835541528690e+00
7.000000000000000000e+00 5.700000000000000000e+01 6.500000000000000000e+01 4.184257539246546642e+00 8.842758569394507504e+04 2.766157337641729441e+00 1.872260583245946686e+00
7.000000000000000000e+00 5.800000000000000000e+01 4.600000000000000000e+01 3.257021948241558107e+00 5.981206248688726919e+05 3.985346458774747358e+00 1.539050771200953571e+00
7.000000000000000000e+00 5.800000000000000000e+01 4.822222222222222143e+01 3.489685073461240350e+00 5.937665950881364988e+05 3.347075471687408932e+00 1.699331438996085630e+00
7.000000000000000000e+00 5.800000000000000000e+01 5.044444444444444287e+01 3.731270261799483290e+00 6.030974572834664723e+05 2.685415802385265227e+00 1.969445522347314403e+00
7.000000000000000000e+00 5.800000000000000000e+01 5.266666666666666430e+01 3.955828969862991151e+00 6.015524865338008385e+05 2.072419924290188842e+00 2.381600071085606896e+00
7.000000000000000000e+00 5.800000000000000000e+01 5.488888888888888573e+01 4.050618962084032049e+00 4.138686796874168213e+05 1.818478807122761332e+00 2.573967449233328875e+00
7.000000000000000000e+00 5.800000000000000000e+01 5.711111111111111427e+01 4.039910965319014835e+00 2.372435054810578295e+05 1.889770543513839218e+00 2.332511643295423820e+00
7.000000000000000000e+00 5.800000000000000000e+01 5.933333333333333570e+01 4.055438220274177219e+00 1.666411800582059950e+05 2.121126421562221864e+00 2.137279499774241032e+00
7.000000000000000000e+00 5.800000000000000000e+01 6.155555555555555713e+01 4.093724853150321863e+00 1.310392227277897473e+05 2.332405958618646302e+00 2.011454522646505261e+00
7.000000000000000000e+00 5.800000000000000000e+01 6.377777777777777857e+01 4.138965638261332458e+00 1.086715522655672976e+05 2.540516768502404599e+00 1.906845527816059427e+00
7.000000000000000000e+00 5.800000000000000000e+01 6.600000000000000000e+01 4.198661889592943730e+00 9.423467682642363070e+04 2.723073269217481940e+00 1.834212482067000050e+00
7.000000000000000000e+00 5.900000000000000000e+01 4.700000000000000000e+01 3.258134641390453279e+00 5.980629386848697904e+05 3.976901415461107092e+00 1.546640950177099016e+00
7.000000000000000000e+00 5.900000000000000000e+01 4.922222222222222143e+01 3.488700573768817925e+00 5.941947460255797487e+05 3.344775757825687812e+00 1.700157961195312595e+00
7.000000000000000000e+00 5.900000000000000000e+01 5.144444444444444287e+01 3.729189624318761886e+00 6.052901649039476179e+05 2.686793829326069361e+00 1.958183272996282032e+00
7.000000000000000000e+00 5.900000000000000000e+01 5.366666666666666430e+01 3.954777258189916544e+00 6.083159264270258136e+05 2.072020889396849253e+00 2.351342088869648794e+00
7.000000000000000000e+00 5.900000000000000000e+01 5.588888888888888573e+01 4.049929604818573559e+00 4.226094460978711722e+05 1.818501510420830414e+00 2.518772858298155892e+00
7.000000000000000000e+00 5.900000000000000000e+01 5.811111111111111427e+01 4.039252753414597663e+00 2.452558734305737889e+05 1.892744788413337043e+00 2.267313289612723715e+00
7.000000000000000000e+00 5.900000000000000000e+01 6.033333333333333570e+01 4.054857848533293563e+00 1.735107038532052829e+05 2.120247464310091257e+00 2.071054485265968914e+00
7.000000000000000000e+00 5.900000000000000000e+01 6.255555555555555713e+01 4.103226587972814698e+00 1.387739889496230753e+05 2.306394834563774587e+00 1.969462903642135609e+00
7.000000000000000000e+00 5.900000000000000000e+01 6.477777777777777146e+01 4.155857385439174934e+00 1.160999951334548387e+05 2.497169429673162355e+00 1.879590582735741533e+00
7.000000000000000000e+00 5.900000000000000000e+01 6.700000000000000000e+01 4.213087998344965612e+00 1.004109214970899047e+05 2.680553153150683432e+00 1.800642303440763703e+00
7.000000000000000000e+00 6.000000000000000000e+01 4.800000000000000000e+01 3.258807401320988451e+00 5.978777514677430736e+05 3.968915618783235733e+00 1.553229851263096650e+00
7.000000000000000000e+00 6.000000000000000000e+01 5.022222222222222143e+01 3.487344365954984315e+00 5.946392528787160991e+05 3.342847014541413753e+00 1.700036519311008076e+00
7.000000000000000000e+00 6.000000000000000000e+01 5.244444444444444287e+01 3.726935041349134003e+00 6.077580721683151787e+05 2.688139213944729544e+00 1.945787360775045327e+00
7.000000000000000000e+00 6.000000000000000000e+01 5.466666666666666430e+01 3.941439222995769764e+00 5.917914144308938412e+05 2.105011432684052330e+00 2.295408453916454317e+00
7.000000000000000000e+00 6.000000000000000000e+01 5.688888888888888573e+01 4.049214425544819917e+00 4.318097552553035202e+05 1.818455890134745845e+00 2.465551852379415543e+00
7.000000000000000000e+00 6.000000000000000000e+01 5.911111111111111427e+01 4.052436839149020642e+00 2.610514523477006878e+05 1.863901397319226438e+00 2.248992750295805365e+00
7.000000000000000000e+00 6.000000000000000000e+01 6.133333333333333570e+01 4.072986829942438547e+00 1.860555115283212508e+05 2.078664165576837863e+00 2.059918331726043661e+00
7.000000000000000000e+00 6.000000000000000000e+01 6.355555555555555713e+01 4.102708366283600583e+00 1.451797274746199255e+05 2.299405992079876615e+00 1.909371210191587398e+00
7.000000000000000000e+00 6.000000000000000000e+01 6.577777777777777146e+01 4.155427173396820884e+00 1.218450058296613861e+05 2.485988644763947431e+00 1.822080987489612225e+00
7.000000000000000000e+00 6.000000000000000000e+01 6.800000000000000000e+01 4.232536619276086043e+00 1.074460239957735612e+05 2.629929498086619688e+00 1.779800398486770963e+00
7.000000000000000000e+00 6.100000000000000000e+01 4.900000000000000000e+01 3.259141476759177536e+00 5.978656466309231473e+05 3.961075089339529232e+00 1.558703850464457918e+00
7.000000000000000000e+00 6.100000000000000000e+01 5.122222222222222143e+01 3.485624680562338096e+00 5.952095805215497967e+05 3.341244890379563071e+00 1.698360855947980363e+00
7.000000000000000000e+00 6.100000000000000000e+01 5.344444444444444287e+01 3.714504218180238126e+00 5.938110452057346702e+05 2.716904773221302971e+00 1.919448334716093774e+00
7.000000000000000000e+00 6.100000000000000000e+01 5.566666666666666430e+01 3.937505808176643196e+00 5.945081737499999581e+05 2.111852516703219607e+00 2.259060035773395203e+00
7.000000000000000000e+00 6.100000000000000000e+01 5.788888888888888573e+01 4.048590940394913851e+00 4.416403249925032142e+05 1.818031057076603174e+00 2.414868200759098915e+00
7.000000000000000000e+00 6.100000000000000000e+01 6.011111111111111427e+01 4.051758167724909043e+00 2.699688311087876209e+05 1.866696195776208933e+00 2.191322754767941028e+00
7.000000000000000000e+00 6.100000000000000000e+01 6.233333333333333570e+01 4.072386788535270696e+00 1.937902560897614458e+05 2.077258247490786580e+00 2.003174668736898312e+00
7.000000000000000000e+00 6.100000000000000000e+01 6.455555555555555713e+01 4.112170692009263107e+00 1.537774997379503911e+05 2.273916432326394954e+00 1.877451407860406984e+00
7.000000000000000000e+00 6.100000000000000000e+01 6.677777777777777146e+01 4.182347260540740130e+00 1.314436629678751051e+05 2.424550715082106844e+00 1.820605473141044817e+00
7.000000000000000000e+00 6.100000000000000000e+01 6.900000000000000000e+01 4.252010973684058115e+00 1.149485196066125209e+05 2.580142246109395909e+00 1.761642476018268733e+00
7.000000000000000000e+00 6.200000000000000000e+01 5.000000000000000000e+01 3.259058697459001230e+00 5.979973125338362297e+05 3.953566409138623339e+00 1.562877879430534245e+00
7.000000000000000000e+00 6.200000000000000000e+01 5.222222222222222143e+01 3.483476351131557180e+00 5.958937300982435700e+05 3.340133913135503896e+00 1.695538476180993070e+00
7.000000000000000000e+00 6.200000000000000000e+01 5.444444444444444287e+01 3.711903519627065329e+00 5.972580462555094855e+05 2.718156757859711892e+00 1.905248697257708068e+00
7.000000000000000000e+00 6.200000000000000000e+01 5.666666666666666430e+01 3.932938321255278424e+00 5.968288578405306907e+05 2.120109576784451999e+00 2.221929074744725341e+00
7.000000000000000000e+00 6.200000000000000000e+01 5.888888888888888573e+01 4.048035070357349774e+00 4.520838364230174921e+05 1.817307323478595249e+00 2.366677741116598899e+00
7.000000000000000000e+00 6.200000000000000000e+01 6.111111111111111427e+01 4.051055275432357661e+00 2.793608363795914338e+05 1.870249494435400450e+00 2.138434233810142082e+00
7.000000000000000000e+00 6.200000000000000000e+01 6.333333333333333570e+01 4.100551280205194438e+00 2.108868980856885610e+05 2.015315044346320583e+00 2.021150573696976149e+00
7.000000000000000000e+00 6.200000000000000000e+01 6.555555555555555713e+01 4.136508307239076032e+00 1.657731509854947799e+05 2.220353837355472315e+00 1.878426538438641602e+00
7.000000000000000000e+00 6.200000000000000000e+01 6.777777777777777146e+01 4.211683283315965198e+00 1.421361222522426106e+05 2.359286834529836341e+00 1.825034353307041002e+00
7.000000000000000000e+00 6.200000000000000000e+01 7.000000000000000000e+01 4.281667587075688175e+00 1.240318549268675415e+05 2.513764444338903559e+00 1.761856601399489630e+00
7.000000000000000000e+00 6.300000000000000000e+01 5.100000000000000000e+01 3.258402150184714241e+00 5.980541386046975385e+05 3.946800530439106058e+00 1.566117518700933298e+00
7.000000000000000000e+00 6.300000000000000000e+01 5.322222222222222143e+01 3.480836449753525574e+00 5.965642465874869376e+05 3.339679806627503300e+00 1.691682909261089440e+00
7.000000000000000000e+00 6.300000000000000000e+01 5.544444444444444287e+01 3.709122365702104851e+00 6.010393952387145255e+05 2.719388966141716324e+00 1.890337541461969195e+00
7.000000000000000000e+00 6.300000000000000000e+01 5.766666666666666430e+01 3.927606191050333262e+00 5.985443789797674399e+05 2.130150872274500173e+00 2.183788471759402938e+00
7.000000000000000000e+00 6.300000000000000000e+01 5.988888888888888573e+01 4.047460571681381403e+00 4.630217474810546264e+05 1.816537473426671268e+00 2.320623944861730958e+00
7.000000000000000000e+00 6.300000000000000000e+01 6.211111111111111427e+01 4.050327277473039445e+00 2.892041283644251525e+05 1.873053503601095793e+00 2.089777112308044860e+00
7.000000000000000000e+00 6.300000000000000000e+01 6.433333333333332860e+01 4.099935326243080880e+00 2.195555103400547523e+05 2.013840333802055849e+00 1.970921512802700448e+00
7.000000000000000000e+00 6.300000000000000000e+01 6.655555555555555713e+01 4.135980865700942033e+00 1.734426843981992279e+05 2.214541050875667327e+00 1.832975433817512156e+00
7.000000000000000000e+00 6.300000000000000000e+01 6.877777777777777146e+01 4.211272415429638372e+00 1.490683571200601582e+05 2.348482827939154305e+00 1.779306899239952555e+00
7.000000000000000000e+00 6.300000000000000000e+01 7.100000000000000000e+01 4.293480014333384887e+00 1.317322754514715343e+05 2.478271716151874138e+00 1.736268926851330718e+00
7.000000000000000000e+00 6.400000000000000000e+01 5.200000000000000000e+01 3.257278807338481741e+00 5.980707944598913891e+05 3.940471928051282546e+00 1.568160010924041670e+00
7.000000000000000000e+00 6.400000000000000000e+01 5.422222222222222143e+01 3.477693348435719756e+00 5.972300828264872544e+05 3.339914704331156781e+00 1.686810007851252902e+00
7.000000000000000000e+00 6.400000000000000000e+01 5.644444444444444287e+01 3.705024070782775514e+00 6.033804072764817392e+05 2.723729841566145282e+00 1.873536402498386488e+00
7.000000000000000000e+00 6.400000000000000000e+01 5.866666666666666430e+01 3.923551026773006267e+00 6.031528578163409838e+05 2.136395912557393029e+00 2.149112122548865411e+00
7.000000000000000000e+00 6.400000000000000000e+01 6.088888888888888573e+01 4.046867919753259102e+00 4.744519475312115974e+05 1.815738484292979571e+00 2.276649110495247985e+00
7.000000000000000000e+00 6.400000000000000000e+01 6.311111111111111427e+01 4.068568094334425567e+00 3.104347346024485305e+05 1.832406271424378952e+00 2.092757200036149179e+00
7.000000000000000000e+00 6.400000000000000000e+01 6.533333333333332860e+01 4.109297670117724621e+00 2.320609416831013514e+05 1.991864681469730725e+00 1.947585608880902264e+00
7.000000000000000000e+00 6.400000000000000000e+01 6.755555555555555713e+01 4.152933280621421197e+00 1.852055737597292173e+05 2.174893545686097163e+00 1.823404293166007273e+00
7.000000000000000000e+00 6.400000000000000000e+01 6.977777777777777146e+01 4.230781984997017631e+00 1.594791443897706049e+05 2.301960873336772906e+00 1.770413367174034969e+00
7.000000000000000000e+00 6.400000000000000000e+01 7.200000000000000000e+01 4.305302283115884698e+00 1.398866508278204128e+05 2.443252864390266677e+00 1.713982379407241519e+00
7.000000000000000000e+00 6.500000000000000000e+01 5.300000000000000000e+01 3.255723997096894973e+00 5.981766984499463579e+05 3.934480460635486843e+00 1.569293993653791075e+00
7.000000000000000000e+00 6.500000000000000000e+01 5.522222222222222143e+01 3.474031611853406698e+00 5.977647323340830626e+05 3.340888229945299326e+00 1.681015092780998366e+00
7.000000000000000000e+00 6.500000000000000000e+01 5.744444444444444287e+01 3.699789479740388298e+00 6.046293827175772749e+05 2.730695672453774758e+00 1.855547992444926964e+00
7.000000000000000000e+00 6.500000000000000000e+01 5.966666666666666430e+01 3.912900998895533000e+00 5.974728586137306411e+05 2.160423068370136868e+00 2.102202895423953333e+00
7.000000000000000000e+00 6.500000000000000000e+01 6.188888888888888573e+01 4.065463589522867238e+00 5.115558105187921901e+05 1.762437640513924375e+00 2.285091978002770752e+00
7.000000000000000000e+00 6.500000000000000000e+01 6.411111111111111427e+01 4.067824886948059770e+00 3.212685619584545493e+05 1.835044850946766726e+00 2.049118249692102545e+00
7.000000000000000000e+00 6.500000000000000000e+01 6.633333333333332860e+01 4.108639414842031989e+00 2.416503428859325941e+05 1.990716168270854070e+00 1.905999882147340507e+00
7.000000000000000000e+00 6.500000000000000000e+01 6.855555555555555713e+01 4.169922042319616828e+00 1.977074802425523812e+05 2.135625243422064390e+00 1.815529862517879067e+00
7.000000000000000000e+00 6.500000000000000000e+01 7.077777777777777146e+01 4.230367637461613484e+00 1.672400452288785309e+05 2.291817975529273355e+00 1.733651149481229892e+00
7.000000000000000000e+00 6.500000000000000000e+01 7.300000000000000000e+01 4.322135609359011532e+00 1.491359854398467287e+05 2.400414168292969386e+00 1.701179260153240058e+00
7.000000000000000000e+00 6.600000000000000000e+01 5.400000000000000000e+01 3.250482096909944385e+00 5.939199561357437633e+05 3.937768110036524050e+00 1.568401804933132304e+00
7.000000000000000000e+00 6.600000000000000000e+01 5.622222222222222143e+01 3.469849292407798824e+00 5.982658055041201878e+05 3.342619574026682638e+00 1.674500963647451046e+00
7.000000000000000000e+00 6.600000000000000000e+01 5.844444444444444287e+01 3.694023762855347837e+00 6.057548357500877464e+05 2.738644670618848309e+00 1.837250708650554953e+00
7.000000000000000000e+00 6.600000000000000000e+01 6.066666666666666430e+01 3.912234024259582998e+00 6.088945181436488638e+05 2.156859999551083984e+00 2.076435415441381327e+00
7.000000000000000000e+00 6.600000000000000000e+01 6.288888888888888573e+01 4.064849951370542058e+00 5.240029539532889612e+05 1.761650564524180895e+00 2.243942147362245176e+00
7.000000000000000000e+00 6.600000000000000000e+01 6.511111111111111427e+01 4.067055911584436245e+00 3.325825523455742514e+05 1.838597452681246303e+00 2.009232300723566400e+00
7.000000000000000000e+00 6.600000000000000000e+01 6.733333333333332860e+01 4.107957627950031387e+00 2.516898796481663303e+05 1.989637342689180022e+00 1.868885676597193957e+00
7.000000000000000000e+00 6.600000000000000000e+01 6.955555555555555713e+01 4.179394137992133551e+00 2.091459628261917678e+05 2.111496550050705245e+00 1.796759100335863391e+00
7.000000000000000000e+00 6.600000000000000000e+01 7.177777777777777146e+01 4.259923433573410634e+00 1.805736079642307013e+05 2.228204807428246337e+00 1.742913637938400262e+00
7.000000000000000000e+00 6.600000000000000000e+01 7.400000000000000000e+01 4.321777597413298366e+00 1.566813906908905483e+05 2.386540671749753262e+00 1.669933934653983210e+00
7.000000000000000000e+00 6.700000000000000000e+01 5.500000000000000000e+01 3.257167937618985931e+00 6.065310976255337009e+05 3.907490002552833630e+00 1.571071736301911992e+00
7.000000000000000000e+00 6.700000000000000000e+01 5.722222222222222143e+01 3.464764021680618367e+00 5.981164001913989196e+05 3.346176964636381257e+00 1.667273062660287408e+00
7.000000000000000000e+00 6.700000000000000000e+01 5.944444444444444287e+01 3.687641755482291117e+00 6.066121178325080546e+05 2.747832470819819850e+00 1.818711574071509407e+00
7.000000000000000000e+00 6.700000000000000000e+01 6.166666666666666430e+01 3.897754933357396201e+00 5.990637227187831886e+05 2.190842295947282192e+00 2.026113669131326400e+00
7.000000000000000000e+00 6.700000000000000000e+01 6.388888888888888573e+01 4.064217516525216567e+00 5.370153193980680080e+05 1.760905483936507032e+00 2.205021506818968913e+00
7.000000000000000000e+00 6.700000000000000000e+01 6.611111111111111427e+01 4.066262000383396469e+00 3.443622411847038311e+05 1.841391211459562083e+00 1.972886593511951281e+00
7.000000000000000000e+00 6.700000000000000000e+01 6.833333333333332860e+01 4.119940756583394759e+00 2.668537395537270932e+05 1.962296174069601884e+00 1.858617454124070312e+00
7.000000000000000000e+00 6.700000000000000000e+01 7.055555555555555713e+01 4.193931967604960676e+00 2.225007748695244954e+05 2.077551630247696846e+00 1.788466714634244337e+00
7.000000000000000000e+00 6.700000000000000000e+01 7.277777777777777146e+01 4.269506995402469585e+00 1.911275230527498643e+05 2.200854013220735705e+00 1.725428483460044848e+00
7.000000000000000000e+00 6.700000000000000000e+01 7.500000000000000000e+01 4.348622324876450840e+00 1.683504262396564009e+05 2.328404764685389150e+00 1.672996337859623983e+00
7.000000000000000000e+00 6.800000000000000000e+01 5.600000000000000000e+01 3.253459122219803934e+00 6.055730162121022586e+05 3.904936753289858231e+00 1.569921923117078011e+00
7.000000000000000000e+00 6.800000000000000000e+01 5.822222222222222143e+01 3.461044890867174040e+00 6.004732497703554109e+05 3.345365783068713128e+00 1.660740776350017267e+00
7.000000000000000000e+00 6.800000000000000000e+01 6.044444444444444287e+01 3.670689066000270007e+00 5.933792521455606911e+05 2.785523005799535490e+00 1.788808224422140825e+00
7.000000000000000000e+00 6.800000000000000000e+01 6.266666666666666430e+01 3.887952591489252985e+00 5.978011225278637139e+05 2.211799563957864034e+00 1.987114579167357009e+00
7.000000000000000000e+00 6.800000000000000000e+01 6.488888888888888573e+01 4.063567438721472413e+00 5.505796161323206034e+05 1.760222187814995731e+00 2.168424378528882368e+00
7.000000000000000000e+00 6.800000000000000000e+01 6.711111111111111427e+01 4.084583355752021028e+00 3.689833513560248539e+05 1.800378607689895993e+00 1.979923224385197633e+00
7.000000000000000000e+00 6.800000000000000000e+01 6.933333333333332860e+01 4.131969278256818257e+00 2.828767630594495567e+05 1.934621105500150318e+00 1.850063768690167088e+00
7.000000000000000000e+00 6.800000000000000000e+01 7.155555555555555713e+01 4.193400045774859031e+00 2.325410779372014222e+05 2.071995833450165136e+00 1.759112750723029084e+00
7.000000000000000000e+00 6.800000000000000000e+01 7.377777777777777146e+01 4.279078554147131008e+00 2.022465381261526491e+05 2.173854071754428574e+00 1.710502579909687793e+00
7.000000000000000000e+00 6.800000000000000000e+01 7.600000000000000000e+01 4.362980857850807581e+00 1.789694516639705107e+05 2.290914840720697399e+00 1.663427504116045563e+00
7.000000000000000000e+00 6.900000000000000000e+01 5.700000000000000000e+01 3.249157570893713931e+00 6.046003749888796592e+05 3.903228651747582933e+00 1.568015013851994377e+00
7.000000000000000000e+00 6.900000000000000000e+01 5.922222222222222143e+01 3.454917507451630954e+00 6.003167073164321482e+05 3.350561764574640833e+00 1.652544288927558558e+00
7.000000000000000000e+00 6.900000000000000000e+01 6.144444444444444287e+01 3.663122324634172866e+00 5.943145440155176912e+05 2.797112407676811685e+00 1.770526449293426063e+00
7.000000000000000000e+00 6.900000000000000000e+01 6.366666666666666430e+01 3.877138149999505234e+00 5.961029099369619507e+05 2.235311553380638028e+00 1.948608943397433624e+00
7.000000000000000000e+00 6.900000000000000000e+01 6.588888888888888573e+01 4.082171289456313801e+00 5.925760833612086717e+05 1.707195946219997262e+00 2.179121458589408533e+00
7.000000000000000000e+00 6.900000000000000000e+01 6.811111111111111427e+01 4.103777754927136812e+00 3.960402319226554246e+05 1.756630868979086824e+00 1.989626569023819069e+00
7.000000000000000000e+00 6.900000000000000000e+01 7.033333333333332860e+01 4.149044653514866177e+00 3.019640675014230656e+05 1.896835168243754310e+00 1.851845135664999642e+00
7.000000000000000000e+00 6.900000000000000000e+01 7.255555555555555713e+01 4.228138590648551798e+00 2.531630201010536694e+05 1.999756191375977155e+00 1.784688027079996964e+00
7.000000000000000000e+00 6.900000000000000000e+01 7.477777777777777146e+01 4.303149914801862153e+00 2.170554218419800163e+05 2.122004100412940630e+00 1.716121596903639412e+00
7.000000000000000000e+00 6.900000000000000000e+01 7.700000000000000000e+01 4.397092807008388782e+00 1.934677078920280328e+05 2.221225577041689991e+00 1.677091361522427215e+00
